4 0.5281250 0.6949219 0.0270833 0.0195312
1 0.6197917 0.4601562 0.0145833 0.0171875
4 0.5578125 0.5359375 0.0270833 0.0250000
2 0.7351562 0.6496094 0.0213542 0.0273438
4 0.5341146 0.4023438 0.0265625 0.0296875
4 0.4268229 0.8113281 0.0203125 0.0320312
4 0.3984375 0.3808594 0.0250000 0.0257812
4 0.4151042 0.1695312 0.0145833 0.0390625
2 0.5994792 0.5828125 0.0270833 0.0171875
1 0.3736979 0.3019531 0.0296875 0.0226562
5 0.4330729 0.2503906 0.0171875 0.0304687
1 0.5643229 0.3738281 0.0192708 0.0382813
3 0.5539063 0.1468750 0.0192708 0.0421875
1 0.6145833 0.3726563 0.0239583 0.0281250
1 0.7315104 0.3761719 0.0265625 0.0304687
1 0.2583333 0.4015625 0.0218750 0.0375000
3 0.5783854 0.6765625 0.0307292 0.0218750
1 0.3890625 0.8214844 0.0177083 0.0398437
2 0.5533854 0.5234375 0.0307292 0.0234375
7 0.5484375 0.3140625 0.0239583 0.0421875
11 0.5161458 0.4066406 0.0239583 0.0304687
7 0.5114583 0.4796875 0.0187500 0.0234375
9 0.3250000 0.5042969 0.0218750 0.0367188
8 0.6989583 0.4417969 0.0291667 0.0289063
8 0.5604167 0.6398438 0.0281250 0.0343750
8 0.7109375 0.6164063 0.0260417 0.0250000
10 0.6460938 0.6089844 0.0255208 0.0242188
10 0.3036458 0.5464844 0.0250000 0.0289063
10 0.5872396 0.8074219 0.0244792 0.0304687
11 0.6171875 0.5273438 0.0229167 0.0296875
7 0.6153646 0.4285156 0.0182292 0.0273438
7 0.6356771 0.6125000 0.0244792 0.0250000
11 0.4437500 0.5921875 0.0291667 0.0406250
8 0.5643229 0.3945312 0.0161458 0.0375000
11 0.5828125 0.4093750 0.0197917 0.0281250
