4 0.6692708 0.2976563 0.0416667 0.0296875
3 0.6567708 0.4906250 0.0489583 0.0390625
3 0.6833333 0.5937500 0.0458333 0.0343750
1 0.7325521 0.3007812 0.0401042 0.0359375
3 0.6281250 0.7312500 0.0177083 0.0531250
5 0.4833333 0.5199219 0.0239583 0.0601563
0 0.6835938 0.5273438 0.0380208 0.0593750
2 0.6755208 0.2277344 0.0406250 0.0539063
5 0.4955729 0.3191406 0.0307292 0.0414062
0 0.5950521 0.6000000 0.0453125 0.0343750
3 0.5127604 0.7417969 0.0328125 0.0679687
3 0.6710938 0.2359375 0.0473958 0.0343750
4 0.7216146 0.3187500 0.0255208 0.0359375
1 0.4888021 0.5023437 0.0338542 0.0328125
3 0.6289062 0.1753906 0.0432292 0.0507812
0 0.3302083 0.9015625 0.0385417 0.0359375
0 0.6955729 0.5179687 0.0286458 0.0640625
1 0.6140625 0.6574219 0.0406250 0.0289063
4 0.6929688 0.7621094 0.0463542 0.0289063
0 0.5187500 0.7093750 0.0406250 0.0375000
3 0.4088542 0.5992188 0.0447917 0.0296875
4 0.6190104 0.3902344 0.0432292 0.0320312
2 0.2690104 0.6984375 0.0505208 0.0281250
1 0.6197917 0.7894531 0.0479167 0.0460938
2 0.6242188 0.3597656 0.0453125 0.0367188
5 0.4864583 0.6535156 0.0239583 0.0585938
0 0.5828125 0.6355469 0.0302083 0.0664062
1 0.3968750 0.3503906 0.0437500 0.0382813
0 0.5151042 0.6406250 0.0281250 0.0421875
1 0.3190104 0.5472656 0.0286458 0.0523438
3 0.5669271 0.3335938 0.0213542 0.0281250
4 0.4278646 0.6464844 0.0286458 0.0351562
4 0.5783854 0.5761719 0.0432292 0.0492187
1 0.5570312 0.4789062 0.0463542 0.0328125
3 0.5596354 0.6117187 0.0255208 0.0750000
0 0.3177083 0.0929688 0.0260417 0.0531250
5 0.4179688 0.0203125 0.0317708 0.0406250
0 0.5031250 0.3023438 0.0302083 0.0734375
1 0.3007812 0.3296875 0.0401042 0.0359375
5 0.6890625 0.6976562 0.0510417 0.0375000
0 0.7135417 0.7347656 0.0427083 0.0289063
5 0.4036458 0.1949219 0.0447917 0.0242188
5 0.3617187 0.9070312 0.0213542 0.0375000
4 0.3611979 0.5042969 0.0223958 0.0304687
2 0.4773438 0.7531250 0.0453125 0.0343750
4 0.6096354 0.4593750 0.0244792 0.0609375
2 0.5195312 0.2710938 0.0307292 0.0343750
1 0.5346354 0.4062500 0.0244792 0.0406250
4 0.4869792 0.1710937 0.0395833 0.0390625
0 0.6111979 0.4742188 0.0390625 0.0328125
4 0.5882812 0.2453125 0.0411458 0.0281250
1 0.5869792 0.2894531 0.0395833 0.0445313
1 0.5500000 0.2253906 0.0281250 0.0382813
4 0.5697917 0.6523438 0.0479167 0.0406250
2 0.5247396 0.1777344 0.0473958 0.0351562
1 0.6619792 0.5199219 0.0312500 0.0554687
3 0.6473958 0.6968750 0.0333333 0.0515625
3 0.3093750 0.2796875 0.0229167 0.0484375
0 0.6789063 0.4519531 0.0223958 0.0539063
0 0.6299479 0.5847656 0.0463542 0.0414062
4 0.6072917 0.5894531 0.0302083 0.0382813
3 0.5510417 0.9832031 0.0291667 0.0320312
1 0.5518229 0.6507812 0.0359375 0.0328125
5 0.4669271 0.3386719 0.0276042 0.0460938
5 0.6263021 0.4808594 0.0442708 0.0335937
4 0.5890625 0.3011719 0.0302083 0.0539063
5 0.6661458 0.5304688 0.0447917 0.0328125
2 0.4260417 0.6421875 0.0395833 0.0312500
7 0.7523437 0.4859375 0.0401042 0.0656250
6 0.4166667 0.7273437 0.0333333 0.0625000
10 0.3945312 0.4332031 0.0463542 0.0460938
8 0.4494792 0.2078125 0.0322917 0.0453125
10 0.7067708 0.5890625 0.0468750 0.0640625
8 0.3085938 0.3945312 0.0317708 0.0515625
7 0.5940104 0.3691406 0.0473958 0.0476562
10 0.5765625 0.1468750 0.0427083 0.0421875
10 0.3937500 0.1492188 0.0479167 0.0718750
8 0.3802083 0.6902344 0.0385417 0.0679687
6 0.5812500 0.3292969 0.0406250 0.0445313
