2 0.5046875 0.8546875 0.0354167 0.0390625
5 0.5848958 0.5429688 0.0281250 0.0437500
0 0.7093750 0.4125000 0.0385417 0.0312500
2 0.6638021 0.5316406 0.0192708 0.0320312
4 0.5817708 0.5531250 0.0312500 0.0250000
1 0.5890625 0.6386719 0.0364583 0.0257812
4 0.6906250 0.4500000 0.0406250 0.0281250
3 0.4736979 0.2851562 0.0390625 0.0265625
1 0.6716146 0.6027344 0.0359375 0.0210938
5 0.4562500 0.6027344 0.0385417 0.0257812
4 0.3924479 0.4222656 0.0171875 0.0289063
2 0.3187500 0.2917969 0.0260417 0.0351562
0 0.6328125 0.4289062 0.0375000 0.0296875
5 0.6919271 0.5074219 0.0348958 0.0351562
5 0.5632812 0.7550781 0.0307292 0.0289063
2 0.7367187 0.5289063 0.0296875 0.0265625
3 0.3708333 0.5660156 0.0187500 0.0289063
3 0.3888021 0.7343750 0.0244792 0.0437500
3 0.4695313 0.7039062 0.0369792 0.0328125
5 0.4656250 0.6222656 0.0239583 0.0257812
2 0.3250000 0.4433594 0.0229167 0.0289063
2 0.4598958 0.6152344 0.0416667 0.0273438
4 0.2963542 0.4519531 0.0375000 0.0242188
4 0.3401042 0.7437500 0.0385417 0.0234375
5 0.3755208 0.6207031 0.0364583 0.0289063
1 0.5992188 0.7859375 0.0203125 0.0562500
5 0.4848958 0.4433594 0.0239583 0.0554687
3 0.6187500 0.7531250 0.0291667 0.0421875
3 0.2705729 0.6054688 0.0161458 0.0328125
5 0.5130208 0.7808594 0.0333333 0.0289063
1 0.4854167 0.2554688 0.0197917 0.0531250
5 0.5695313 0.8503906 0.0307292 0.0460938
1 0.5335937 0.8437500 0.0338542 0.0203125
5 0.4549479 0.6890625 0.0203125 0.0421875
1 0.6760417 0.4273438 0.0375000 0.0296875
3 0.4809896 0.6851563 0.0203125 0.0468750
0 0.3718750 0.5433594 0.0385417 0.0382813
3 0.5677083 0.5742188 0.0364583 0.0265625
5 0.3127604 0.5261719 0.0223958 0.0351562
1 0.6802083 0.3234375 0.0364583 0.0343750
4 0.4434896 0.5429688 0.0359375 0.0250000
0 0.3125000 0.3761719 0.0354167 0.0289063
5 0.5432292 0.7789063 0.0270833 0.0265625
2 0.6903646 0.3769531 0.0348958 0.0335937
1 0.3763021 0.5316406 0.0359375 0.0257812
2 0.6427083 0.4519531 0.0333333 0.0367188
0 0.7080729 0.2402344 0.0338542 0.0242188
5 0.3072917 0.7128906 0.0395833 0.0273438
0 0.4234375 0.5500000 0.0187500 0.0453125
4 0.7062500 0.7234375 0.0385417 0.0265625
1 0.4236979 0.1945312 0.0130208 0.0375000
3 0.3223958 0.2996094 0.0312500 0.0304687
4 0.5604167 0.2277344 0.0291667 0.0242188
2 0.5044271 0.6464844 0.0380208 0.0351562
2 0.6653646 0.6242188 0.0182292 0.0328125
3 0.6763021 0.2976563 0.0255208 0.0468750
1 0.3776042 0.3343750 0.0239583 0.0390625
1 0.4179688 0.5617188 0.0317708 0.0250000
4 0.4653646 0.1136719 0.0276042 0.0507812
2 0.4734375 0.3839844 0.0197917 0.0320312
1 0.3679688 0.3843750 0.0151042 0.0265625
5 0.6692708 0.3984375 0.0239583 0.0468750
2 0.4901042 0.7070312 0.0270833 0.0406250
0 0.5210938 0.5164062 0.0307292 0.0500000
4 0.5205729 0.3921875 0.0286458 0.0265625
4 0.5320312 0.7687500 0.0234375 0.0312500
3 0.5278646 0.1921875 0.0348958 0.0218750
4 0.4460938 0.6300781 0.0380208 0.0304687
1 0.7315104 0.2589844 0.0380208 0.0320312
2 0.5830729 0.3265625 0.0182292 0.0562500
2 0.2763021 0.4535156 0.0369792 0.0335937
0 0.3166667 0.4074219 0.0343750 0.0289063
4 0.6625000 0.4957031 0.0364583 0.0257812
4 0.5976562 0.7664062 0.0213542 0.0515625
0 0.6263021 0.5328125 0.0359375 0.0218750
10 0.4395833 0.7550781 0.0302083 0.0382813
10 0.6216146 0.3562500 0.0328125 0.0390625
6 0.5020833 0.2949219 0.0250000 0.0382813
8 0.4361979 0.6839844 0.0213542 0.0476562
7 0.5971354 0.5859375 0.0338542 0.0375000
6 0.5531250 0.5121094 0.0250000 0.0367188
6 0.3734375 0.2671875 0.0354167 0.0343750
