3 0.6880208 0.4835937 0.1468750 0.1421875
2 0.2924479 0.4167969 0.1151042 0.1023437
5 0.6828125 0.6429687 0.0791667 0.1265625
2 0.6177083 0.4281250 0.1312500 0.1218750
4 0.4239583 0.6507812 0.0625000 0.2031250
1 0.7078125 0.2777344 0.1114583 0.1101562
3 0.6002604 0.0839844 0.0671875 0.1679688
4 0.4804688 0.9117188 0.1140625 0.1359375
3 0.5846354 0.5714844 0.0901042 0.1226562
4 0.5528646 0.0578125 0.1036458 0.1156250
5 0.4210937 0.4261719 0.0932292 0.1585938
3 0.6130208 0.3082031 0.0812500 0.1695312
0 0.3372396 0.5968750 0.1171875 0.1515625
5 0.6085938 0.0945312 0.0744792 0.1890625
2 0.7221354 0.8343750 0.1473958 0.0953125
4 0.5471354 0.6289062 0.0921875 0.0750000
2 0.3338542 0.5136719 0.1166667 0.1148437
3 0.5843750 0.7976562 0.0750000 0.0937500
2 0.7875000 0.7566406 0.1250000 0.1148437
7 0.6221354 0.4156250 0.1307292 0.1343750
7 0.4531250 0.6054688 0.1197917 0.1250000
9 0.8192708 0.5222656 0.1312500 0.1289062
10 0.6197917 0.1542969 0.0833333 0.1976563
11 0.4369792 0.5632812 0.1218750 0.1828125
