4 0.4463542 0.1691406 0.0104167 0.0148437
0 0.4057292 0.4250000 0.0218750 0.0171875
1 0.6026042 0.2144531 0.0125000 0.0304687
4 0.4411458 0.1878906 0.0229167 0.0210938
4 0.4705729 0.6242188 0.0171875 0.0171875
2 0.6565104 0.5960937 0.0130208 0.0171875
0 0.5278646 0.4679687 0.0109375 0.0265625
3 0.6817708 0.1640625 0.0250000 0.0187500
5 0.3890625 0.6035156 0.0145833 0.0304687
3 0.5388021 0.6703125 0.0130208 0.0187500
2 0.4580729 0.6957031 0.0130208 0.0273438
0 0.6679688 0.2722656 0.0223958 0.0164063
0 0.5028646 0.5332031 0.0182292 0.0179687
2 0.4343750 0.3289063 0.0125000 0.0281250
0 0.5125000 0.2593750 0.0229167 0.0171875
4 0.5291667 0.6359375 0.0218750 0.0171875
2 0.2625000 0.7621094 0.0250000 0.0164063
2 0.6739583 0.5703125 0.0114583 0.0218750
1 0.5971354 0.8101563 0.0140625 0.0156250
5 0.5713542 0.4589844 0.0218750 0.0257812
2 0.3776042 0.2722656 0.0125000 0.0242188
0 0.5169271 0.6609375 0.0130208 0.0187500
1 0.6539063 0.5171875 0.0244792 0.0187500
9 0.5041667 0.7101563 0.0218750 0.0265625
7 0.3838542 0.6554688 0.0208333 0.0234375
8 0.3408854 0.7808594 0.0223958 0.0242188
10 0.5619792 0.3179688 0.0156250 0.0234375
