0 0.4330729 0.4355469 0.0276042 0.0304687
5 0.6552083 0.3972656 0.0479167 0.0335937
3 0.5601563 0.4464844 0.0442708 0.0351562
0 0.3973958 0.2828125 0.0239583 0.0671875
0 0.6101562 0.3859375 0.0348958 0.0406250
2 0.5346354 0.9515625 0.0307292 0.0515625
0 0.3750000 0.3105469 0.0437500 0.0367188
1 0.4802083 0.5175781 0.0479167 0.0382813
1 0.6059896 0.6378906 0.0421875 0.0304687
4 0.4815104 0.5308594 0.0244792 0.0679687
2 0.5195312 0.4910156 0.0234375 0.0523438
0 0.4546875 0.2097656 0.0270833 0.0398437
4 0.4328125 0.5746094 0.0364583 0.0273438
5 0.5942708 0.3332031 0.0322917 0.0273438
4 0.5005208 0.4140625 0.0302083 0.0531250
1 0.3666667 0.6933594 0.0218750 0.0601563
1 0.7138021 0.4632812 0.0265625 0.0437500
4 0.3661458 0.4292969 0.0229167 0.0304687
5 0.4434896 0.4300781 0.0328125 0.0304687
4 0.6976562 0.5136719 0.0421875 0.0320312
9 0.3354167 0.3898437 0.0270833 0.0625000
9 0.4169271 0.6542969 0.0296875 0.0476562
11 0.5677083 0.6917969 0.0385417 0.0382813
8 0.3481771 0.2941406 0.0328125 0.0414062
9 0.4234375 0.6660156 0.0385417 0.0382813
9 0.3877604 0.4968750 0.0401042 0.0390625
9 0.4890625 0.7644531 0.0395833 0.0601563
7 0.6322917 0.5199219 0.0437500 0.0585938
8 0.4901042 0.3339844 0.0250000 0.0414062
8 0.3958333 0.5019531 0.0343750 0.0601563
10 0.3867188 0.6226563 0.0244792 0.0562500
9 0.5544271 0.0644531 0.0328125 0.0664062
11 0.6317708 0.2226562 0.0250000 0.0593750
8 0.7299479 0.6023437 0.0421875 0.0437500
9 0.4005208 0.5378906 0.0322917 0.0507812
11 0.6927083 0.8382812 0.0437500 0.0421875
8 0.3320312 0.8105469 0.0411458 0.0398437
9 0.2882812 0.8750000 0.0276042 0.0625000
6 0.3901042 0.2535156 0.0312500 0.0601563
