3 0.2531250 0.4988281 0.0291667 0.0398437
0 0.4828125 0.2792969 0.0572917 0.0523438
2 0.4234375 0.6570312 0.0593750 0.0359375
3 0.6059896 0.2546875 0.0265625 0.0453125
1 0.3341146 0.7074219 0.0609375 0.0601563
0 0.6348958 0.2519531 0.0552083 0.0460938
3 0.6994792 0.3488281 0.0593750 0.0507812
5 0.5096354 0.2382812 0.0286458 0.0562500
5 0.3783854 0.6785156 0.0411458 0.0585938
2 0.6565104 0.2839844 0.0276042 0.0804688
2 0.5127604 0.2562500 0.0317708 0.0906250
4 0.6359375 0.4718750 0.0489583 0.0593750
6 0.3054688 0.7289062 0.0515625 0.0796875
6 0.3911458 0.9667969 0.0541667 0.0648438
8 0.4901042 0.3109375 0.0572917 0.0781250
8 0.5549479 0.5640625 0.0484375 0.0781250
6 0.5963542 0.8320312 0.0531250 0.0546875
11 0.5369792 0.5839844 0.0333333 0.0492187
9 0.5942708 0.1414063 0.0479167 0.0656250
7 0.6111979 0.3695312 0.0369792 0.0515625
6 0.7666667 0.8156250 0.0500000 0.0515625
9 0.3109375 0.3417969 0.0447917 0.0867187
6 0.4054687 0.1726563 0.0359375 0.0859375
9 0.4687500 0.2050781 0.0375000 0.0539063
8 0.5106771 0.4398437 0.0338542 0.0703125
10 0.5710937 0.4476562 0.0515625 0.0609375
10 0.7674479 0.3070312 0.0578125 0.0531250
10 0.6765625 0.2933594 0.0364583 0.0742188
8 0.5411458 0.5226563 0.0395833 0.0843750
6 0.5309896 0.4324219 0.0505208 0.0554687
