2 0.5205729 0.4832031 0.0161458 0.0335937
4 0.3072917 0.4921875 0.0250000 0.0203125
4 0.6440104 0.8097656 0.0244792 0.0210938
5 0.5083333 0.4750000 0.0239583 0.0250000
2 0.6205729 0.2480469 0.0171875 0.0335937
3 0.3359375 0.3152344 0.0156250 0.0289063
0 0.3033854 0.6929688 0.0223958 0.0203125
4 0.5700521 0.6015625 0.0109375 0.0359375
1 0.3346354 0.4285156 0.0140625 0.0367188
0 0.5966146 0.5601563 0.0182292 0.0234375
1 0.4973958 0.8886719 0.0135417 0.0320312
4 0.4591146 0.8175781 0.0130208 0.0148437
2 0.5031250 0.6765625 0.0197917 0.0187500
1 0.5971354 0.4812500 0.0140625 0.0328125
3 0.5333333 0.5859375 0.0197917 0.0281250
4 0.5458333 0.3089844 0.0229167 0.0164063
1 0.2630208 0.3054688 0.0239583 0.0234375
4 0.4830729 0.8355469 0.0234375 0.0242188
1 0.3455729 0.2347656 0.0203125 0.0320312
2 0.4552083 0.9011719 0.0208333 0.0382813
2 0.4372396 0.5582031 0.0130208 0.0273438
3 0.5468750 0.6859375 0.0187500 0.0359375
3 0.4984375 0.4570312 0.0218750 0.0203125
0 0.6505208 0.6800781 0.0239583 0.0195312
0 0.7117187 0.2644531 0.0192708 0.0289063
4 0.5567708 0.6500000 0.0177083 0.0234375
5 0.7302083 0.5664062 0.0239583 0.0203125
4 0.6182292 0.7160156 0.0166667 0.0304687
11 0.6104167 0.1710937 0.0239583 0.0234375
6 0.6914062 0.5769531 0.0151042 0.0226562
7 0.4221354 0.7011719 0.0203125 0.0367188
11 0.3315104 0.6453125 0.0234375 0.0218750
10 0.5286458 0.5789062 0.0208333 0.0203125
10 0.5791667 0.5144531 0.0250000 0.0242188
11 0.7226562 0.5902344 0.0192708 0.0367188
