2 0.4854167 0.1265625 0.0145833 0.0218750
2 0.5218750 0.2269531 0.0187500 0.0320312
5 0.4546875 0.6968750 0.0145833 0.0187500
5 0.5523438 0.4535156 0.0234375 0.0179687
3 0.6145833 0.4199219 0.0250000 0.0195312
5 0.3927083 0.2968750 0.0166667 0.0328125
0 0.5427083 0.6660156 0.0177083 0.0210938
1 0.7065104 0.6761719 0.0234375 0.0132812
3 0.3880208 0.7253906 0.0229167 0.0210938
2 0.6273437 0.6687500 0.0223958 0.0218750
4 0.6054688 0.7148438 0.0203125 0.0203125
2 0.5833333 0.4457031 0.0135417 0.0351562
3 0.6062500 0.4261719 0.0270833 0.0179687
4 0.4940104 0.3136719 0.0255208 0.0179687
0 0.6820312 0.6277344 0.0223958 0.0242188
0 0.3807292 0.5835938 0.0114583 0.0328125
2 0.6841146 0.6281250 0.0255208 0.0187500
2 0.5127604 0.6757812 0.0171875 0.0203125
2 0.3307292 0.8148437 0.0177083 0.0234375
2 0.3932292 0.7171875 0.0125000 0.0390625
3 0.6101562 0.6441406 0.0161458 0.0320312
3 0.5361979 0.2039063 0.0255208 0.0187500
0 0.4117188 0.7011719 0.0151042 0.0195312
3 0.5486979 0.1492188 0.0171875 0.0328125
0 0.2833333 0.8863281 0.0260417 0.0179687
5 0.4552083 0.4792969 0.0250000 0.0210938
0 0.3843750 0.7980469 0.0260417 0.0179687
0 0.7705729 0.5773438 0.0223958 0.0281250
0 0.6015625 0.4902344 0.0270833 0.0210938
3 0.6255208 0.7445312 0.0260417 0.0187500
3 0.6976562 0.7550781 0.0151042 0.0382813
4 0.4632812 0.5687500 0.0171875 0.0203125
5 0.5432292 0.2117188 0.0250000 0.0156250
2 0.4106771 0.5949219 0.0182292 0.0226562
1 0.5611979 0.5753906 0.0255208 0.0210938
1 0.4322917 0.4921875 0.0218750 0.0171875
0 0.4312500 0.2035156 0.0250000 0.0226562
3 0.6312500 0.6695313 0.0114583 0.0343750
9 0.5973958 0.6402344 0.0239583 0.0289063
6 0.4419271 0.4312500 0.0223958 0.0218750
8 0.5059896 0.6699219 0.0223958 0.0210938
11 0.5890625 0.6085938 0.0218750 0.0296875
8 0.5510417 0.5441406 0.0239583 0.0242188
9 0.6085938 0.7558594 0.0234375 0.0273438
7 0.4057292 0.7031250 0.0177083 0.0343750
9 0.5994792 0.5445313 0.0145833 0.0328125
