0 0.7156250 0.1574219 0.0447917 0.0367188
1 0.4260417 0.5625000 0.0416667 0.0453125
5 0.2940104 0.6425781 0.0473958 0.0289063
4 0.6260417 0.3765625 0.0385417 0.0328125
3 0.5729167 0.5839844 0.0416667 0.0335937
0 0.3348958 0.7906250 0.0208333 0.0640625
3 0.5148438 0.5308594 0.0338542 0.0304687
1 0.5643229 0.2550781 0.0307292 0.0664062
5 0.7140625 0.5625000 0.0239583 0.0296875
4 0.5036458 0.6125000 0.0312500 0.0578125
4 0.5981771 0.3996094 0.0421875 0.0289063
0 0.4294271 0.2964844 0.0359375 0.0289063
4 0.3578125 0.2429688 0.0416667 0.0359375
1 0.6986979 0.5800781 0.0421875 0.0398437
5 0.3044271 0.5652344 0.0453125 0.0335937
3 0.7296875 0.4941406 0.0197917 0.0632812
5 0.3882813 0.8847656 0.0203125 0.0632812
0 0.5440104 0.5328125 0.0317708 0.0390625
1 0.6309896 0.3796875 0.0234375 0.0625000
2 0.6453125 0.7343750 0.0197917 0.0296875
3 0.5947917 0.6816406 0.0187500 0.0304687
5 0.5947917 0.4683594 0.0468750 0.0320312
1 0.6666667 0.2937500 0.0343750 0.0468750
4 0.4835937 0.5394531 0.0203125 0.0289063
1 0.3575521 0.6601562 0.0265625 0.0515625
5 0.3723958 0.6882812 0.0322917 0.0359375
0 0.5023437 0.8253906 0.0255208 0.0648438
4 0.5734375 0.7250000 0.0333333 0.0437500
3 0.3044271 0.5445313 0.0411458 0.0296875
2 0.6276042 0.3699219 0.0302083 0.0398437
3 0.6283854 0.7371094 0.0276042 0.0695313
4 0.6518229 0.6027344 0.0369792 0.0507812
4 0.6145833 0.7804688 0.0375000 0.0343750
1 0.4343750 0.4359375 0.0250000 0.0484375
3 0.6536458 0.6542969 0.0406250 0.0351562
2 0.4257812 0.7066406 0.0203125 0.0398437
3 0.6953125 0.1718750 0.0447917 0.0296875
5 0.6867188 0.3046875 0.0286458 0.0468750
1 0.6533854 0.3769531 0.0401042 0.0257812
0 0.3570313 0.5125000 0.0338542 0.0437500
1 0.5825521 0.3988281 0.0234375 0.0382813
5 0.6752604 0.3695312 0.0432292 0.0312500
5 0.4031250 0.9882812 0.0270833 0.0218750
0 0.5395833 0.2878906 0.0416667 0.0320312
0 0.6437500 0.5675781 0.0354167 0.0367188
4 0.6502604 0.3863281 0.0421875 0.0273438
3 0.4041667 0.7328125 0.0281250 0.0578125
5 0.3216146 0.6703125 0.0369792 0.0312500
0 0.4703125 0.6039062 0.0229167 0.0640625
5 0.5781250 0.4761719 0.0270833 0.0414062
4 0.7281250 0.6128906 0.0447917 0.0320312
0 0.5497396 0.2968750 0.0432292 0.0312500
0 0.3908854 0.7339844 0.0463542 0.0320312
3 0.4119792 0.8175781 0.0197917 0.0632812
1 0.4041667 0.3230469 0.0260417 0.0617188
4 0.5635417 0.5542969 0.0406250 0.0367188
1 0.6208333 0.2734375 0.0187500 0.0312500
3 0.3424479 0.6910156 0.0286458 0.0507812
2 0.5812500 0.6050781 0.0312500 0.0617188
4 0.5466146 0.4523437 0.0192708 0.0406250
9 0.4343750 0.6726562 0.0281250 0.0390625
