4 0.5471354 0.6097656 0.0213542 0.0585938
0 0.6054688 0.7113281 0.0473958 0.0320312
5 0.6630208 0.7015625 0.0458333 0.0343750
0 0.2700521 0.6730469 0.0234375 0.0695313
1 0.3906250 0.2265625 0.0343750 0.0328125
1 0.3807292 0.8535156 0.0364583 0.0398437
2 0.3765625 0.8960938 0.0270833 0.0656250
0 0.3835938 0.4765625 0.0442708 0.0281250
0 0.6427083 0.6113281 0.0458333 0.0320312
1 0.6677083 0.4132812 0.0427083 0.0406250
5 0.5062500 0.3320312 0.0479167 0.0421875
3 0.5981771 0.3746094 0.0473958 0.0382813
5 0.2653646 0.3183594 0.0453125 0.0351562
4 0.5239583 0.3597656 0.0406250 0.0523438
4 0.3843750 0.5207031 0.0187500 0.0460938
5 0.6955729 0.4773438 0.0463542 0.0515625
1 0.6255208 0.2480469 0.0395833 0.0414062
5 0.3869792 0.5097656 0.0229167 0.0351562
0 0.3726563 0.2378906 0.0234375 0.0773438
1 0.3145833 0.5570312 0.0291667 0.0375000
0 0.4244792 0.6191406 0.0343750 0.0320312
1 0.7390625 0.4230469 0.0239583 0.0445313
4 0.5817708 0.6656250 0.0239583 0.0390625
2 0.7135417 0.3644531 0.0447917 0.0367188
5 0.4776042 0.8402344 0.0239583 0.0679687
0 0.4333333 0.7003906 0.0312500 0.0476562
1 0.5854167 0.8238281 0.0239583 0.0351562
2 0.6697917 0.7535156 0.0375000 0.0398437
0 0.6500000 0.7019531 0.0437500 0.0320312
2 0.6153646 0.7394531 0.0421875 0.0320312
1 0.6343750 0.5796875 0.0239583 0.0437500
0 0.6546875 0.4000000 0.0479167 0.0375000
4 0.7421875 0.5351562 0.0447917 0.0421875
0 0.5375000 0.7320313 0.0291667 0.0718750
2 0.3283854 0.5859375 0.0421875 0.0265625
2 0.4645833 0.1847656 0.0218750 0.0742188
4 0.3270833 0.4304688 0.0437500 0.0343750
4 0.4356771 0.9316406 0.0286458 0.0695313
3 0.3869792 0.7738281 0.0208333 0.0414062
0 0.3320312 0.6246094 0.0203125 0.0710937
1 0.3778646 0.3777344 0.0276042 0.0617188
3 0.5710937 0.4957031 0.0359375 0.0382813
5 0.5145833 0.7984375 0.0281250 0.0468750
1 0.4921875 0.2617188 0.0270833 0.0437500
0 0.4351563 0.7972656 0.0453125 0.0398437
5 0.6609375 0.7921875 0.0489583 0.0437500
5 0.6796875 0.3039062 0.0312500 0.0390625
5 0.6901042 0.3617187 0.0239583 0.0390625
1 0.5229167 0.3890625 0.0447917 0.0343750
4 0.6184896 0.4949219 0.0369792 0.0492187
1 0.6171875 0.4136719 0.0489583 0.0335937
1 0.5424479 0.2195313 0.0380208 0.0437500
2 0.4221354 0.7031250 0.0453125 0.0281250
1 0.6447917 0.3882813 0.0447917 0.0312500
3 0.5075521 0.2925781 0.0234375 0.0757812
0 0.5911458 0.2027344 0.0343750 0.0398437
1 0.5476562 0.3417969 0.0276042 0.0492187
0 0.3309896 0.8039063 0.0453125 0.0296875
0 0.4265625 0.5851563 0.0447917 0.0312500
1 0.4609375 0.0976562 0.0260417 0.0656250
3 0.6127604 0.1824219 0.0276042 0.0554687
0 0.4140625 0.8453125 0.0447917 0.0343750
4 0.7041667 0.5320312 0.0385417 0.0453125
0 0.4734375 0.4863281 0.0312500 0.0460938
0 0.7567708 0.3554688 0.0239583 0.0343750
3 0.4731771 0.7253906 0.0255208 0.0445313
3 0.6117187 0.3984375 0.0317708 0.0468750
1 0.5497396 0.3171875 0.0234375 0.0687500
5 0.4078125 0.7164063 0.0322917 0.0609375
5 0.7007813 0.7667969 0.0473958 0.0351562
1 0.5914063 0.3703125 0.0348958 0.0343750
0 0.5174479 0.5750000 0.0317708 0.0531250
6 0.4093750 0.5035156 0.0458333 0.0523438
