5 0.6875000 0.4566406 0.0354167 0.0539063
4 0.7531250 0.3007812 0.0739583 0.0593750
3 0.4513021 0.7894531 0.0588542 0.0632812
2 0.5713542 0.2671875 0.0343750 0.1156250
0 0.4416667 0.0902344 0.0447917 0.0851563
1 0.6401042 0.6269531 0.0666667 0.0570312
0 0.3289063 0.8222656 0.0359375 0.1117188
2 0.4611979 0.8097656 0.0494792 0.0976562
3 0.6299479 0.5234375 0.0328125 0.1093750
1 0.6369792 0.2750000 0.0406250 0.1062500
1 0.5796875 0.6000000 0.0416667 0.1015625
3 0.4080729 0.6292969 0.0515625 0.0789062
3 0.3875000 0.6789063 0.0333333 0.0593750
0 0.5234375 0.5566406 0.0312500 0.0820312
0 0.4729167 0.1902344 0.0406250 0.1148437
2 0.4406250 0.8308594 0.0760417 0.0523438
1 0.6645833 0.2070312 0.0500000 0.0562500
1 0.4713542 0.5832031 0.0729167 0.0585938
1 0.5523438 0.8515625 0.0484375 0.0578125
0 0.4382813 0.3535156 0.0463542 0.1148437
2 0.5953125 0.6953125 0.0760417 0.0593750
3 0.5973958 0.3128906 0.0500000 0.0929688
1 0.5578125 0.4222656 0.0750000 0.0539063
1 0.3940104 0.5636719 0.0432292 0.1164063
2 0.4395833 0.0667969 0.0531250 0.0882813
2 0.5039062 0.1507813 0.0744792 0.0484375
0 0.7283854 0.4859375 0.0838542 0.0578125
3 0.3932292 0.8000000 0.0750000 0.0609375
4 0.1921875 0.4488281 0.0614583 0.0960938
5 0.2708333 0.1742188 0.0739583 0.0578125
0 0.4361979 0.3378906 0.0713542 0.0757812
0 0.6591146 0.5664062 0.0567708 0.0625000
5 0.5611979 0.4675781 0.0776042 0.0679687
2 0.4559896 0.3847656 0.0401042 0.1070312
1 0.3830729 0.2738281 0.0401042 0.0882813
4 0.4492188 0.6886719 0.0526042 0.0539063
1 0.6307292 0.3562500 0.0437500 0.1078125
3 0.4018229 0.7148438 0.0692708 0.0546875
1 0.4450521 0.3648438 0.0776042 0.0578125
2 0.5447917 0.6121094 0.0343750 0.0554687
0 0.5296875 0.4472656 0.0510417 0.0992187
0 0.4669271 0.6851563 0.0369792 0.0859375
5 0.3192708 0.3808594 0.0729167 0.0539063
2 0.5580729 0.3453125 0.0703125 0.0578125
5 0.4718750 0.7496094 0.0322917 0.1070312
0 0.2276042 0.3906250 0.0385417 0.0765625
5 0.6541667 0.6148438 0.0427083 0.1031250
4 0.5166667 0.9121094 0.0739583 0.0632812
4 0.5325521 0.2917969 0.0401042 0.1226562
2 0.6757812 0.4519531 0.0755208 0.0664062
2 0.6593750 0.4394531 0.0666667 0.0867187
3 0.6500000 0.2859375 0.0395833 0.0953125
2 0.5361979 0.1753906 0.0598958 0.0914062
4 0.3117187 0.2917969 0.0515625 0.1070312
0 0.2533854 0.2753906 0.0796875 0.0695313
0 0.3867188 0.5125000 0.0286458 0.0531250
1 0.4302083 0.6406250 0.0583333 0.0609375
4 0.4960938 0.0632812 0.0619792 0.0656250
0 0.3679688 0.9027344 0.0651042 0.0539063
2 0.4567708 0.5980469 0.0510417 0.1117188
3 0.8395833 0.5714844 0.0635417 0.0523438
2 0.4817708 0.3531250 0.0427083 0.0625000
5 0.3765625 0.3851562 0.0666667 0.0546875
2 0.5888021 0.2207031 0.0411458 0.1023437
0 0.4502604 0.6019531 0.0526042 0.0492187
2 0.4968750 0.3601563 0.0583333 0.1062500
0 0.2575521 0.5781250 0.0442708 0.0875000
8 0.4148438 0.3296875 0.0442708 0.1000000
8 0.4434896 0.4046875 0.0630208 0.0765625
6 0.5843750 0.6484375 0.0572917 0.0640625
11 0.2684896 0.7191406 0.0505208 0.0992187
10 0.7015625 0.2625000 0.0666667 0.1031250
9 0.6018229 0.5996094 0.0786458 0.0867187
11 0.3609375 0.8507813 0.0562500 0.1125000
