5 0.5507812 0.4578125 0.0223958 0.0328125
5 0.6528646 0.8343750 0.0317708 0.0578125
4 0.3888021 0.4843750 0.0401042 0.0421875
2 0.3440104 0.5847656 0.0192708 0.0320312
2 0.6598958 0.4156250 0.0281250 0.0312500
5 0.3627604 0.3687500 0.0432292 0.0281250
4 0.6924479 0.4015625 0.0255208 0.0390625
0 0.6065104 0.3023438 0.0296875 0.0515625
1 0.7338542 0.7636719 0.0406250 0.0273438
4 0.2395833 0.3898437 0.0270833 0.0390625
1 0.5507812 0.3886719 0.0484375 0.0367188
5 0.7565104 0.7390625 0.0328125 0.0390625
1 0.5072917 0.3937500 0.0270833 0.0578125
4 0.6393229 0.3847656 0.0390625 0.0242188
2 0.7294271 0.4296875 0.0390625 0.0281250
5 0.6643229 0.3777344 0.0276042 0.0414062
1 0.7161458 0.7523437 0.0427083 0.0390625
3 0.3765625 0.7394531 0.0437500 0.0367188
2 0.4611979 0.2648437 0.0244792 0.0375000
4 0.3783854 0.5804687 0.0401042 0.0421875
4 0.7125000 0.3136719 0.0427083 0.0304687
2 0.5013021 0.5746094 0.0255208 0.0382813
4 0.5924479 0.4121094 0.0421875 0.0304687
1 0.4315104 0.3589844 0.0182292 0.0523438
5 0.6039062 0.6140625 0.0296875 0.0421875
1 0.5132813 0.6574219 0.0265625 0.0429688
5 0.4132812 0.5066406 0.0234375 0.0664062
4 0.4614583 0.0441406 0.0333333 0.0539063
4 0.5020833 0.6640625 0.0333333 0.0468750
3 0.4065104 0.5546875 0.0192708 0.0531250
5 0.3773437 0.3683594 0.0317708 0.0367188
2 0.3575521 0.7472656 0.0234375 0.0632812
0 0.4002604 0.3132813 0.0213542 0.0640625
5 0.6174479 0.6906250 0.0463542 0.0359375
0 0.5479167 0.3347656 0.0239583 0.0304687
0 0.6536458 0.8101563 0.0406250 0.0265625
3 0.4653646 0.5296875 0.0411458 0.0265625
4 0.6234375 0.7253906 0.0416667 0.0335937
2 0.6013021 0.4855469 0.0432292 0.0382813
4 0.7903646 0.7277344 0.0432292 0.0367188
1 0.5403646 0.3578125 0.0317708 0.0515625
5 0.5731771 0.3078125 0.0265625 0.0609375
3 0.4815104 0.5402344 0.0401042 0.0304687
3 0.5067708 0.3460937 0.0250000 0.0359375
2 0.5921875 0.5742188 0.0302083 0.0437500
2 0.4604167 0.8074219 0.0333333 0.0320312
0 0.6554688 0.1285156 0.0442708 0.0382813
3 0.4432292 0.1160156 0.0385417 0.0539063
0 0.2984375 0.3093750 0.0229167 0.0609375
1 0.6619792 0.8371094 0.0291667 0.0382813
4 0.5010417 0.5121094 0.0229167 0.0304687
4 0.3875000 0.2679687 0.0437500 0.0312500
1 0.7104167 0.3574219 0.0197917 0.0273438
3 0.5252604 0.6347656 0.0317708 0.0382813
2 0.6247396 0.6484375 0.0390625 0.0484375
3 0.4221354 0.3234375 0.0442708 0.0375000
0 0.4721354 0.6304688 0.0317708 0.0578125
1 0.4096354 0.5601563 0.0411458 0.0312500
2 0.4570312 0.5015625 0.0338542 0.0562500
8 0.6494792 0.4886719 0.0364583 0.0414062
11 0.3416667 0.5125000 0.0270833 0.0609375
10 0.5091146 0.1593750 0.0317708 0.0500000
6 0.6661458 0.3000000 0.0291667 0.0671875
10 0.5973958 0.7683594 0.0302083 0.0429688
9 0.6544271 0.4886719 0.0328125 0.0570312
11 0.5861979 0.4957031 0.0453125 0.0445313
9 0.4203125 0.2054688 0.0375000 0.0437500
9 0.5476562 0.8132812 0.0390625 0.0390625
11 0.4221354 0.6488281 0.0265625 0.0507812
10 0.6190104 0.6351562 0.0421875 0.0453125
7 0.5151042 0.6789063 0.0395833 0.0640625
8 0.4450521 0.7253906 0.0369792 0.0585938
10 0.7859375 0.3566406 0.0437500 0.0414062
6 0.6968750 0.4417969 0.0406250 0.0507812
6 0.4539063 0.5335937 0.0432292 0.0437500
