4 0.4062500 0.6160156 0.0302083 0.0304687
3 0.5992188 0.7242188 0.0276042 0.0281250
1 0.7692708 0.3851562 0.0281250 0.0515625
1 0.5005208 0.4632812 0.0239583 0.0578125
4 0.6195312 0.6894531 0.0411458 0.0335937
1 0.5562500 0.4406250 0.0281250 0.0500000
1 0.3729167 0.8308594 0.0375000 0.0351562
1 0.7565104 0.6636719 0.0401042 0.0351562
1 0.4825521 0.7492188 0.0213542 0.0328125
5 0.7393229 0.7171875 0.0317708 0.0281250
2 0.7247396 0.4511719 0.0223958 0.0648438
1 0.5927083 0.3265625 0.0354167 0.0296875
1 0.6210938 0.9125000 0.0411458 0.0359375
2 0.6421875 0.4289062 0.0291667 0.0359375
2 0.6039062 0.3515625 0.0453125 0.0343750
4 0.6380208 0.5300781 0.0427083 0.0335937
8 0.6755208 0.7406250 0.0250000 0.0562500
11 0.6361979 0.5753906 0.0359375 0.0382813
6 0.5174479 0.7757812 0.0348958 0.0515625
7 0.5182292 0.7839844 0.0333333 0.0476562
6 0.6505208 0.7277344 0.0364583 0.0367188
8 0.5906250 0.8089844 0.0385417 0.0367188
10 0.5020833 0.3578125 0.0312500 0.0593750
9 0.6114583 0.6390625 0.0260417 0.0468750
8 0.7585937 0.4488281 0.0421875 0.0414062
11 0.5588542 0.4511719 0.0250000 0.0585938
10 0.6408854 0.5046875 0.0359375 0.0375000
