1 0.3333333 0.7488281 0.0229167 0.0195312
1 0.3359375 0.4101562 0.0250000 0.0218750
0 0.6054688 0.2777344 0.0234375 0.0164063
4 0.6138021 0.7164063 0.0161458 0.0281250
3 0.2164062 0.3921875 0.0255208 0.0218750
2 0.5539063 0.1648438 0.0119792 0.0250000
4 0.3447917 0.5589844 0.0177083 0.0242188
0 0.3979167 0.7722656 0.0145833 0.0242188
0 0.7158854 0.1949219 0.0223958 0.0164063
3 0.5223958 0.6027344 0.0156250 0.0179687
3 0.5570312 0.4140625 0.0151042 0.0218750
4 0.5723958 0.6820312 0.0156250 0.0296875
5 0.6218750 0.6636719 0.0229167 0.0164063
1 0.3234375 0.5371094 0.0218750 0.0164063
4 0.6166667 0.6253906 0.0260417 0.0179687
3 0.6979167 0.6121094 0.0229167 0.0148437
0 0.5226563 0.3800781 0.0161458 0.0351562
5 0.4140625 0.1781250 0.0135417 0.0203125
3 0.5208333 0.5058594 0.0208333 0.0242188
0 0.7203125 0.5988281 0.0250000 0.0179687
3 0.2960937 0.4574219 0.0234375 0.0195312
4 0.3393229 0.6250000 0.0171875 0.0265625
1 0.6450521 0.7003906 0.0244792 0.0164063
0 0.5679688 0.5425781 0.0130208 0.0320312
3 0.6265625 0.7824219 0.0125000 0.0257812
1 0.4835937 0.2164062 0.0130208 0.0359375
1 0.4026042 0.5714844 0.0208333 0.0195312
3 0.5179687 0.7875000 0.0223958 0.0265625
4 0.4992187 0.7402344 0.0223958 0.0164063
3 0.6203125 0.2007812 0.0250000 0.0218750
3 0.6171875 0.3265625 0.0239583 0.0156250
2 0.6356771 0.4554687 0.0223958 0.0171875
0 0.6799479 0.6984375 0.0130208 0.0359375
3 0.6497396 0.4273438 0.0109375 0.0281250
4 0.5726562 0.2132813 0.0130208 0.0140625
1 0.4669271 0.1035156 0.0109375 0.0289063
1 0.5453125 0.2148438 0.0156250 0.0343750
4 0.6979167 0.4156250 0.0250000 0.0187500
2 0.4880208 0.5644531 0.0166667 0.0210938
5 0.6692708 0.8015625 0.0145833 0.0296875
1 0.5070313 0.2480469 0.0140625 0.0273438
2 0.4486979 0.3347656 0.0265625 0.0179687
3 0.6536458 0.7695312 0.0239583 0.0171875
0 0.5458333 0.5582031 0.0218750 0.0179687
5 0.5309896 0.5031250 0.0140625 0.0265625
9 0.4830729 0.6390625 0.0223958 0.0296875
11 0.2408854 0.4664063 0.0244792 0.0265625
7 0.5752604 0.3921875 0.0223958 0.0218750
