1 0.7119792 0.6714844 0.0895833 0.0726563
0 0.7877604 0.4156250 0.0859375 0.0781250
2 0.4052083 0.5734375 0.0593750 0.0953125
0 0.5632812 0.5589844 0.0380208 0.0804688
2 0.2851562 0.4363281 0.0869792 0.0773438
5 0.4578125 0.2562500 0.0468750 0.0953125
2 0.4526042 0.2207031 0.0750000 0.0898438
4 0.7658854 0.4878906 0.0776042 0.0585938
5 0.3213542 0.6761719 0.0375000 0.0773438
2 0.2710938 0.6531250 0.0880208 0.0609375
0 0.5611979 0.9054688 0.0848958 0.0593750
0 0.5539063 0.6933594 0.0380208 0.0851563
4 0.4731771 0.2796875 0.0473958 0.0765625
4 0.3341146 0.4792969 0.0484375 0.0648438
4 0.5333333 0.0890625 0.0583333 0.0703125
4 0.3356771 0.6945313 0.0869792 0.0593750
0 0.5109375 0.4046875 0.0697917 0.0625000
3 0.3427083 0.3742187 0.0489583 0.1203125
2 0.3531250 0.2273438 0.0812500 0.0515625
3 0.4531250 0.1011719 0.0656250 0.1179687
5 0.6278646 0.2789063 0.0744792 0.0625000
1 0.4059896 0.5375000 0.0703125 0.0968750
5 0.6859375 0.5683594 0.0614583 0.1179687
4 0.6416667 0.3421875 0.0593750 0.1031250
5 0.5802083 0.5765625 0.0375000 0.0921875
1 0.3429687 0.3410156 0.0786458 0.0742188
3 0.4085937 0.7792969 0.0817708 0.0742188
3 0.4268229 0.9085937 0.0348958 0.1203125
0 0.3669271 0.1746094 0.0817708 0.0585938
5 0.6088542 0.5296875 0.0802083 0.0750000
4 0.7052083 0.8117188 0.0875000 0.0593750
0 0.3601563 0.2281250 0.0328125 0.1171875
0 0.4026042 0.6792969 0.0385417 0.0632812
0 0.6679688 0.6546875 0.0734375 0.0906250
1 0.4906250 0.1417969 0.0677083 0.0601563
2 0.5208333 0.7699219 0.0770833 0.0539063
5 0.5458333 0.2230469 0.0593750 0.1023437
3 0.3414063 0.4687500 0.0515625 0.0640625
1 0.4216146 0.6488281 0.0390625 0.1070312
0 0.4164062 0.9246094 0.0796875 0.0679687
5 0.3132813 0.5609375 0.0494792 0.0578125
3 0.4609375 0.4632812 0.0312500 0.0656250
2 0.6039062 0.3359375 0.0473958 0.0734375
0 0.5677083 0.8371094 0.0406250 0.1164063
0 0.6505208 0.7792969 0.0781250 0.0835937
4 0.4268229 0.4570312 0.0598958 0.0531250
0 0.5377604 0.6863281 0.0682292 0.0773438
5 0.4661458 0.1968750 0.0697917 0.1000000
1 0.3640625 0.4882812 0.0354167 0.0843750
1 0.4927083 0.6531250 0.0760417 0.0828125
4 0.4453125 0.2996094 0.0697917 0.0695313
4 0.7406250 0.2750000 0.0406250 0.1187500
0 0.8335938 0.4824219 0.0401042 0.0742188
5 0.4669271 0.4789062 0.0546875 0.0734375
3 0.3281250 0.2421875 0.0500000 0.1140625
5 0.6018229 0.3894531 0.0671875 0.0757812
4 0.5145833 0.1222656 0.0552083 0.1007813
4 0.2333333 0.6546875 0.0625000 0.0703125
11 0.8054687 0.4578125 0.0651042 0.1140625
7 0.4539063 0.4890625 0.0765625 0.0750000
6 0.5971354 0.4187500 0.0817708 0.0875000
