2 0.3932292 0.8429688 0.0406250 0.0546875
3 0.5046875 0.3750000 0.0468750 0.0343750
5 0.6067708 0.8503906 0.0229167 0.0335937
2 0.3450521 0.4421875 0.0348958 0.0703125
0 0.2268229 0.6390625 0.0442708 0.0609375
1 0.4263021 0.2191406 0.0494792 0.0460938
3 0.7075521 0.2894531 0.0265625 0.0789062
4 0.5518229 0.7257813 0.0359375 0.0828125
3 0.5835938 0.5906250 0.0453125 0.0406250
3 0.5158854 0.3734375 0.0286458 0.0796875
3 0.6338542 0.5031250 0.0395833 0.0546875
0 0.7765625 0.4550781 0.0250000 0.0414062
5 0.4911458 0.3003906 0.0489583 0.0601563
4 0.3906250 0.4246094 0.0395833 0.0617188
3 0.5041667 0.2468750 0.0260417 0.0656250
4 0.6953125 0.6460938 0.0239583 0.0546875
2 0.4145833 0.6160156 0.0375000 0.0351562
2 0.7973958 0.2964844 0.0312500 0.0679687
1 0.3356771 0.0679687 0.0473958 0.0375000
4 0.5080729 0.6367188 0.0255208 0.0437500
1 0.4906250 0.7226562 0.0437500 0.0562500
3 0.6567708 0.5011719 0.0510417 0.0414062
4 0.2807292 0.5023437 0.0468750 0.0328125
1 0.4796875 0.6671875 0.0520833 0.0406250
5 0.4604167 0.1875000 0.0354167 0.0718750
1 0.7255208 0.3308594 0.0333333 0.0632812
0 0.4763021 0.5730469 0.0317708 0.0445313
3 0.3992188 0.6695313 0.0338542 0.0625000
2 0.6114583 0.6367188 0.0250000 0.0562500
2 0.2986979 0.5675781 0.0526042 0.0320312
2 0.6817708 0.4605469 0.0416667 0.0523438
2 0.6713542 0.4363281 0.0500000 0.0320312
1 0.5937500 0.7097656 0.0468750 0.0414062
0 0.7372396 0.5296875 0.0421875 0.0468750
0 0.5346354 0.2046875 0.0369792 0.0734375
2 0.4562500 0.0265625 0.0281250 0.0531250
5 0.2713542 0.3796875 0.0489583 0.0359375
4 0.5682292 0.3425781 0.0281250 0.0476562
4 0.3861979 0.3890625 0.0505208 0.0375000
5 0.4744792 0.1800781 0.0354167 0.0695313
0 0.6572917 0.5500000 0.0437500 0.0390625
4 0.3476562 0.4578125 0.0244792 0.0437500
3 0.3281250 0.4062500 0.0541667 0.0375000
3 0.5549479 0.8886719 0.0421875 0.0507812
3 0.3937500 0.9437500 0.0479167 0.0468750
4 0.3583333 0.6828125 0.0468750 0.0312500
0 0.5877604 0.7660156 0.0484375 0.0335937
3 0.3546875 0.4542969 0.0468750 0.0554687
5 0.4218750 0.9734375 0.0312500 0.0515625
1 0.4708333 0.5253906 0.0406250 0.0382813
0 0.7341146 0.6968750 0.0442708 0.0453125
5 0.3677083 0.4070313 0.0510417 0.0421875
2 0.6453125 0.7351562 0.0270833 0.0671875
4 0.6330729 0.2074219 0.0213542 0.0726563
5 0.3908854 0.5582031 0.0223958 0.0492187
3 0.3372396 0.1296875 0.0411458 0.0375000
1 0.4776042 0.4699219 0.0489583 0.0382813
4 0.6364583 0.5117188 0.0562500 0.0453125
2 0.5971354 0.8132812 0.0526042 0.0453125
1 0.2208333 0.6269531 0.0208333 0.0726563
7 0.4723958 0.3792969 0.0427083 0.0742188
10 0.3708333 0.7238281 0.0406250 0.0726563
11 0.5963542 0.5121094 0.0395833 0.0429688
11 0.7164063 0.2984375 0.0442708 0.0484375
11 0.5817708 0.7054687 0.0354167 0.0687500
8 0.4156250 0.9425781 0.0354167 0.0773438
10 0.6565104 0.1546875 0.0484375 0.0468750
9 0.5273438 0.5152344 0.0463542 0.0460938
8 0.6388021 0.3746094 0.0505208 0.0539063
7 0.5171875 0.1863281 0.0312500 0.0679687
