2 0.6257812 0.6636719 0.0182292 0.0523438
4 0.6492187 0.2550781 0.0348958 0.0351562
3 0.3684896 0.3195312 0.0276042 0.0406250
0 0.5151042 0.1050781 0.0208333 0.0460938
2 0.5023437 0.3011719 0.0234375 0.0429688
0 0.5708333 0.7781250 0.0260417 0.0328125
3 0.6296875 0.3937500 0.0291667 0.0375000
3 0.5468750 0.5117188 0.0354167 0.0265625
3 0.3763021 0.3941406 0.0328125 0.0335937
1 0.3289063 0.2171875 0.0182292 0.0406250
2 0.7768229 0.4527344 0.0296875 0.0367188
5 0.4911458 0.3105469 0.0197917 0.0539063
4 0.3091146 0.4484375 0.0286458 0.0375000
1 0.6768229 0.5417969 0.0296875 0.0242188
0 0.4010417 0.5492187 0.0197917 0.0296875
4 0.4963542 0.1332031 0.0177083 0.0289063
2 0.4848958 0.4125000 0.0218750 0.0421875
0 0.6335937 0.6761719 0.0223958 0.0539063
3 0.5690104 0.7492188 0.0140625 0.0500000
3 0.6864583 0.6191406 0.0208333 0.0320312
3 0.6125000 0.7121094 0.0250000 0.0492187
0 0.2080729 0.7027344 0.0338542 0.0273438
5 0.5203125 0.7175781 0.0343750 0.0367188
5 0.5903646 0.4632812 0.0348958 0.0250000
5 0.4307292 0.3929687 0.0364583 0.0296875
5 0.6247396 0.3238281 0.0244792 0.0273438
4 0.4531250 0.3023438 0.0302083 0.0250000
4 0.6346354 0.3710938 0.0317708 0.0281250
5 0.3348958 0.2191406 0.0312500 0.0179687
5 0.4760417 0.3558594 0.0260417 0.0304687
4 0.6341146 0.6875000 0.0348958 0.0250000
5 0.7075521 0.3234375 0.0255208 0.0265625
4 0.3263021 0.3343750 0.0317708 0.0250000
4 0.4559896 0.7851562 0.0161458 0.0468750
2 0.4367187 0.7046875 0.0182292 0.0562500
2 0.5963542 0.3656250 0.0187500 0.0546875
3 0.6497396 0.4894531 0.0348958 0.0351562
4 0.4406250 0.2710938 0.0229167 0.0250000
1 0.3645833 0.8292969 0.0166667 0.0414062
4 0.7078125 0.2617188 0.0250000 0.0453125
2 0.7299479 0.5902344 0.0171875 0.0492187
4 0.6664062 0.5554687 0.0119792 0.0453125
3 0.5859375 0.3609375 0.0145833 0.0484375
5 0.7187500 0.3949219 0.0364583 0.0304687
3 0.6484375 0.5906250 0.0312500 0.0328125
0 0.4153646 0.4777344 0.0192708 0.0320312
2 0.5638021 0.3519531 0.0307292 0.0226562
0 0.3296875 0.6078125 0.0333333 0.0265625
0 0.4408854 0.4074219 0.0234375 0.0320312
4 0.4143229 0.7718750 0.0203125 0.0500000
4 0.4479167 0.7187500 0.0177083 0.0359375
5 0.7002604 0.5179687 0.0223958 0.0390625
0 0.3596354 0.3332031 0.0296875 0.0382813
4 0.6911458 0.4988281 0.0250000 0.0382813
0 0.2846354 0.3039062 0.0359375 0.0281250
5 0.5611979 0.7585937 0.0296875 0.0359375
1 0.4169271 0.7375000 0.0192708 0.0328125
7 0.6390625 0.7652344 0.0250000 0.0507812
6 0.7236979 0.5070313 0.0317708 0.0328125
11 0.5130208 0.6574219 0.0229167 0.0523438
7 0.5015625 0.9167969 0.0229167 0.0523438
10 0.5940104 0.3363281 0.0317708 0.0320312
11 0.3432292 0.4312500 0.0312500 0.0453125
10 0.5888021 0.3070312 0.0286458 0.0359375
