5 0.4369792 0.8585938 0.0354167 0.0921875
2 0.5645833 0.1968750 0.0416667 0.0578125
0 0.5755208 0.4957031 0.0687500 0.0789062
0 0.4445312 0.3277344 0.0765625 0.0632812
5 0.2692708 0.4750000 0.0531250 0.0765625
4 0.5960937 0.4289062 0.0744792 0.0640625
3 0.4072917 0.2695312 0.0645833 0.0687500
2 0.3937500 0.0902344 0.0510417 0.1085938
3 0.4252604 0.8539062 0.0578125 0.0812500
0 0.6567708 0.5777344 0.0697917 0.0414062
1 0.5393229 0.6832031 0.0401042 0.0507812
5 0.6367188 0.3355469 0.0807292 0.0617188
0 0.5367188 0.5472656 0.0578125 0.0835937
5 0.8515625 0.7484375 0.0427083 0.1140625
0 0.4151042 0.5914063 0.0708333 0.0500000
5 0.4809896 0.1648438 0.0338542 0.0515625
4 0.5867187 0.3179688 0.0463542 0.1046875
5 0.7091146 0.4824219 0.0692708 0.0648438
1 0.4953125 0.7144531 0.0708333 0.0601563
4 0.5611979 0.1792969 0.0463542 0.0851563
3 0.4106771 0.1011719 0.0484375 0.0867187
2 0.5520833 0.7843750 0.0395833 0.0687500
0 0.3140625 0.8250000 0.0802083 0.0593750
2 0.5106771 0.5921875 0.0390625 0.0500000
2 0.3002604 0.2410156 0.0380208 0.1210938
4 0.6656250 0.7476563 0.0312500 0.0937500
2 0.5421875 0.3550781 0.0666667 0.0757812
3 0.2828125 0.3601563 0.0312500 0.1156250
4 0.3830729 0.4882812 0.0713542 0.0484375
1 0.4080729 0.3859375 0.0703125 0.0515625
3 0.5513021 0.6519531 0.0505208 0.0632812
3 0.4656250 0.6835938 0.0729167 0.0500000
4 0.4041667 0.1593750 0.0677083 0.0640625
4 0.3671875 0.8214844 0.0312500 0.0945312
0 0.6414062 0.2593750 0.0421875 0.1156250
2 0.7385417 0.2875000 0.0791667 0.0609375
4 0.7234375 0.2078125 0.0583333 0.0968750
5 0.6825521 0.5847656 0.0630208 0.0914062
5 0.5390625 0.7539062 0.0468750 0.1000000
0 0.5015625 0.5960937 0.0593750 0.0500000
1 0.5674479 0.3019531 0.0619792 0.0851563
4 0.3372396 0.3359375 0.0682292 0.1015625
5 0.4072917 0.2035156 0.0322917 0.0992187
0 0.6781250 0.1578125 0.0385417 0.1187500
1 0.5484375 0.2941406 0.0645833 0.0570312
3 0.5557292 0.9332031 0.0333333 0.1085938
0 0.7018229 0.5488281 0.0703125 0.0539063
3 0.4622396 0.2972656 0.0723958 0.0804688
9 0.6807292 0.5921875 0.0645833 0.0640625
11 0.7687500 0.7937500 0.0718750 0.0765625
7 0.2994792 0.6601562 0.0645833 0.0703125
8 0.5557292 0.4839844 0.0604167 0.0726563
10 0.7067708 0.8277344 0.0468750 0.1085938
8 0.4656250 0.2359375 0.0427083 0.0703125
9 0.6838542 0.2113281 0.0697917 0.0867187
9 0.6132812 0.3414063 0.0578125 0.1062500
7 0.6184896 0.1734375 0.0671875 0.0906250
6 0.5317708 0.7144531 0.0458333 0.1054688
11 0.4411458 0.7578125 0.0531250 0.0968750
11 0.2716146 0.5011719 0.0713542 0.0773438
11 0.6182292 0.2894531 0.0708333 0.0679687
7 0.3658854 0.5687500 0.0671875 0.1109375
11 0.6171875 0.0683594 0.0604167 0.0726563
9 0.6557292 0.7792969 0.0760417 0.0820312
11 0.2718750 0.0511719 0.0489583 0.1023437
11 0.3015625 0.4679687 0.0697917 0.0671875
