0 0.3531250 0.5503906 0.0333333 0.0242188
5 0.2648437 0.5484375 0.0317708 0.0312500
1 0.4242187 0.4500000 0.0286458 0.0250000
0 0.6606771 0.4781250 0.0151042 0.0281250
3 0.5122396 0.5937500 0.0255208 0.0406250
2 0.7872396 0.5097656 0.0255208 0.0351562
4 0.4005208 0.6332031 0.0333333 0.0304687
2 0.5130208 0.4816406 0.0187500 0.0257812
5 0.6838542 0.3656250 0.0312500 0.0218750
5 0.4093750 0.2695312 0.0197917 0.0468750
5 0.6179687 0.5175781 0.0276042 0.0335937
4 0.4627604 0.5019531 0.0296875 0.0210938
4 0.5572917 0.3851562 0.0156250 0.0234375
0 0.5174479 0.8035156 0.0223958 0.0289063
3 0.6502604 0.6125000 0.0286458 0.0265625
0 0.4447917 0.2917969 0.0177083 0.0429688
0 0.4348958 0.2625000 0.0197917 0.0390625
1 0.6906250 0.8515625 0.0156250 0.0468750
0 0.5078125 0.6828125 0.0239583 0.0421875
4 0.4166667 0.2382812 0.0197917 0.0359375
5 0.5596354 0.3234375 0.0255208 0.0296875
4 0.4843750 0.2625000 0.0302083 0.0250000
1 0.5739583 0.5992188 0.0197917 0.0250000
1 0.5104167 0.3679688 0.0250000 0.0218750
0 0.4585938 0.5746094 0.0265625 0.0210938
5 0.5505208 0.6828125 0.0218750 0.0250000
0 0.3828125 0.2566406 0.0197917 0.0492187
2 0.4992187 0.5312500 0.0192708 0.0265625
5 0.6468750 0.1734375 0.0187500 0.0375000
1 0.7458333 0.3234375 0.0322917 0.0234375
5 0.4466146 0.2304688 0.0213542 0.0421875
4 0.5151042 0.6003906 0.0270833 0.0210938
8 0.6083333 0.8917969 0.0312500 0.0445313
11 0.6653646 0.2726562 0.0276042 0.0281250
7 0.5302083 0.6097656 0.0260417 0.0257812
11 0.6361979 0.2535156 0.0244792 0.0445313
9 0.5221354 0.5882812 0.0286458 0.0281250
11 0.6083333 0.4367187 0.0322917 0.0421875
11 0.4130208 0.2964844 0.0291667 0.0367188
7 0.5658854 0.4640625 0.0182292 0.0390625
10 0.5664062 0.5664062 0.0255208 0.0250000
10 0.7559896 0.5128906 0.0192708 0.0382813
7 0.6979167 0.5542969 0.0312500 0.0367188
10 0.4174479 0.4191406 0.0286458 0.0289063
9 0.6197917 0.7082031 0.0208333 0.0414062
6 0.5299479 0.3738281 0.0296875 0.0460938
8 0.4083333 0.5957031 0.0291667 0.0289063
11 0.6661458 0.3578125 0.0208333 0.0437500
