0 0.3005208 0.4757812 0.0781250 0.1156250
1 0.5882812 0.4316406 0.0442708 0.0773438
4 0.3481771 0.5843750 0.0776042 0.0828125
1 0.4869792 0.7597656 0.1031250 0.0851563
5 0.6651042 0.5054688 0.1031250 0.0765625
5 0.4195313 0.7773438 0.0682292 0.1546875
3 0.6562500 0.5496094 0.0979167 0.0632812
5 0.7367187 0.7718750 0.0796875 0.1187500
3 0.7294271 0.6562500 0.0973958 0.0687500
3 0.3721354 0.1566406 0.0994792 0.0757812
0 0.3544271 0.1964844 0.1130208 0.0929688
4 0.4114583 0.4980469 0.0593750 0.0679687
1 0.5768229 0.5476562 0.0765625 0.0875000
5 0.3385417 0.3769531 0.0989583 0.0664062
2 0.7255208 0.5265625 0.1187500 0.0781250
2 0.6429687 0.8535156 0.0911458 0.0835937
2 0.4395833 0.4281250 0.0895833 0.1406250
1 0.5236979 0.5210938 0.0901042 0.1000000
5 0.3778646 0.3921875 0.1151042 0.0890625
5 0.3835938 0.2527344 0.0755208 0.1648438
3 0.7312500 0.5542969 0.1052083 0.1117188
0 0.4367187 0.6718750 0.0713542 0.1078125
2 0.6135417 0.3316406 0.0697917 0.1476562
1 0.5682292 0.5917969 0.0968750 0.0945312
0 0.4255208 0.9519531 0.0770833 0.0945312
2 0.3036458 0.1460937 0.0645833 0.1671875
4 0.1997396 0.4656250 0.0536458 0.0937500
3 0.2682292 0.2175781 0.0666667 0.0679687
2 0.6664062 0.7796875 0.0848958 0.0765625
5 0.6757812 0.4253906 0.0776042 0.1648438
5 0.3804688 0.5074219 0.0588542 0.0945312
3 0.4143229 0.2687500 0.0973958 0.0921875
2 0.4236979 0.2609375 0.1057292 0.1140625
3 0.3320312 0.4550781 0.0963542 0.0914062
4 0.2846354 0.1593750 0.1098958 0.0765625
3 0.4002604 0.6894531 0.0619792 0.0820312
1 0.3554688 0.4398437 0.0682292 0.1140625
4 0.7247396 0.7078125 0.0953125 0.0718750
5 0.2885417 0.4191406 0.0479167 0.1414063
3 0.4598958 0.1722656 0.0927083 0.1132812
1 0.6940104 0.4792969 0.0536458 0.0726563
10 0.2820313 0.3445313 0.1036458 0.1328125
10 0.4153646 0.5402344 0.0932292 0.1007813
