2 0.3289063 0.5203125 0.0255208 0.0234375
1 0.3630208 0.5859375 0.0250000 0.0218750
3 0.6919271 0.5339844 0.0265625 0.0195312
5 0.3776042 0.6570312 0.0239583 0.0250000
0 0.4848958 0.8117188 0.0250000 0.0187500
1 0.6054688 0.2207031 0.0151042 0.0382813
3 0.3148437 0.6234375 0.0223958 0.0187500
1 0.5760417 0.5128906 0.0177083 0.0398437
2 0.4122396 0.7484375 0.0265625 0.0250000
0 0.4164062 0.2269531 0.0265625 0.0179687
5 0.4848958 0.3847656 0.0166667 0.0320312
3 0.6783854 0.4019531 0.0203125 0.0195312
2 0.4184896 0.6753906 0.0151042 0.0242188
1 0.3958333 0.2105469 0.0166667 0.0273438
0 0.5635417 0.4253906 0.0260417 0.0179687
3 0.3718750 0.1660156 0.0135417 0.0414062
1 0.2932292 0.2828125 0.0177083 0.0296875
0 0.6544271 0.3054688 0.0213542 0.0203125
3 0.3828125 0.2644531 0.0166667 0.0210938
0 0.5111979 0.2125000 0.0171875 0.0296875
2 0.4968750 0.5144531 0.0166667 0.0210938
1 0.5166667 0.2976563 0.0166667 0.0265625
1 0.5536458 0.6613281 0.0218750 0.0242188
3 0.3830729 0.5019531 0.0140625 0.0320312
1 0.4132812 0.7988281 0.0182292 0.0414062
5 0.4677083 0.4121094 0.0125000 0.0398437
2 0.5611979 0.3226562 0.0255208 0.0187500
3 0.6174479 0.4140625 0.0244792 0.0187500
5 0.7070312 0.4218750 0.0255208 0.0171875
0 0.6304688 0.4039063 0.0265625 0.0218750
2 0.5414062 0.7656250 0.0255208 0.0328125
0 0.7976562 0.3046875 0.0203125 0.0250000
2 0.3880208 0.5890625 0.0187500 0.0343750
2 0.4674479 0.5808594 0.0255208 0.0179687
4 0.5596354 0.3953125 0.0255208 0.0203125
7 0.6033854 0.7707031 0.0234375 0.0242188
9 0.4333333 0.5902344 0.0208333 0.0367188
10 0.3218750 0.2980469 0.0250000 0.0242188
9 0.6846354 0.6179687 0.0244792 0.0234375
6 0.6281250 0.2179687 0.0239583 0.0265625
