5 0.4255208 0.3785156 0.0145833 0.0320312
2 0.3526042 0.7589844 0.0322917 0.0226562
5 0.5989583 0.1953125 0.0250000 0.0171875
2 0.6968750 0.4148438 0.0281250 0.0218750
5 0.4236979 0.2160156 0.0161458 0.0351562
2 0.7070312 0.5828125 0.0296875 0.0234375
3 0.4067708 0.4937500 0.0125000 0.0218750
3 0.4281250 0.6933594 0.0281250 0.0242188
4 0.7609375 0.4667969 0.0260417 0.0242188
5 0.5880208 0.4972656 0.0166667 0.0273438
0 0.5656250 0.6726562 0.0270833 0.0203125
5 0.6354167 0.2644531 0.0197917 0.0367188
2 0.6143229 0.3980469 0.0265625 0.0226562
3 0.6450521 0.6953125 0.0276042 0.0265625
2 0.7361979 0.4863281 0.0276042 0.0195312
0 0.5830729 0.6300781 0.0182292 0.0320312
1 0.8062500 0.6351562 0.0250000 0.0343750
0 0.4895833 0.7281250 0.0270833 0.0250000
2 0.5783854 0.5851563 0.0234375 0.0187500
1 0.4802083 0.4511719 0.0135417 0.0273438
1 0.5760417 0.3597656 0.0270833 0.0257812
0 0.3184896 0.4417969 0.0276042 0.0226562
1 0.4713542 0.4015625 0.0218750 0.0359375
1 0.3385417 0.6222656 0.0250000 0.0257812
0 0.6348958 0.4164062 0.0229167 0.0218750
5 0.7372396 0.2812500 0.0286458 0.0296875
2 0.4994792 0.3085938 0.0229167 0.0375000
6 0.5322917 0.6378906 0.0250000 0.0320312
9 0.4973958 0.1800781 0.0177083 0.0351562
10 0.4403646 0.8343750 0.0182292 0.0265625
8 0.3927083 0.8796875 0.0270833 0.0328125
6 0.4622396 0.9269531 0.0255208 0.0257812
6 0.5848958 0.7378906 0.0250000 0.0242188
7 0.6406250 0.4910156 0.0166667 0.0382813
6 0.3187500 0.7164063 0.0270833 0.0312500
11 0.6796875 0.4480469 0.0270833 0.0367188
6 0.5989583 0.4222656 0.0229167 0.0351562
