3 0.8158854 0.3792969 0.0567708 0.1117188
5 0.5369792 0.4613281 0.0791667 0.0492187
4 0.4544271 0.5855469 0.0661458 0.0617188
0 0.4473958 0.5113281 0.0531250 0.0554687
4 0.3914063 0.3632812 0.0723958 0.0750000
0 0.3375000 0.2281250 0.0541667 0.1250000
0 0.8174479 0.3968750 0.0546875 0.0921875
4 0.5419271 0.2714844 0.0536458 0.0929688
5 0.5877604 0.7085938 0.0494792 0.0593750
4 0.5497396 0.1875000 0.0776042 0.0515625
4 0.6578125 0.3402344 0.0802083 0.0554687
5 0.5492187 0.7253906 0.0421875 0.0632812
4 0.2643229 0.3585937 0.0432292 0.0921875
0 0.5453125 0.5566406 0.0395833 0.1289062
5 0.7739583 0.5386719 0.0583333 0.1101562
1 0.5882812 0.6156250 0.0473958 0.1109375
3 0.3403646 0.3234375 0.0442708 0.0593750
4 0.4411458 0.1011719 0.0593750 0.1335938
1 0.2955729 0.5199219 0.0848958 0.0726563
5 0.5828125 0.7492188 0.0770833 0.0515625
4 0.4570312 0.7410156 0.0828125 0.0429688
5 0.2783854 0.6214844 0.0588542 0.0835937
4 0.5192708 0.8605469 0.0562500 0.0914062
3 0.4580729 0.1894531 0.0651042 0.0945312
0 0.7736979 0.5843750 0.0776042 0.0890625
2 0.4677083 0.3144531 0.0864583 0.0585938
0 0.4385417 0.2015625 0.0593750 0.1250000
2 0.4950521 0.5191406 0.0661458 0.0789062
5 0.5278646 0.3609375 0.0640625 0.0562500
2 0.6317708 0.4328125 0.0385417 0.0546875
1 0.7546875 0.3625000 0.0416667 0.1125000
2 0.6744792 0.5078125 0.0614583 0.0625000
5 0.5796875 0.2527344 0.0447917 0.0664062
0 0.7476563 0.5894531 0.0817708 0.0742188
4 0.7091146 0.7800781 0.0828125 0.0648438
5 0.6255208 0.2289063 0.0875000 0.0750000
5 0.6934896 0.2500000 0.0828125 0.0593750
0 0.3330729 0.4933594 0.0515625 0.0992187
5 0.5994792 0.3722656 0.0510417 0.0992187
2 0.3674479 0.0808594 0.0838542 0.0648438
7 0.6096354 0.7261719 0.0786458 0.1101562
7 0.6682292 0.3160156 0.0656250 0.0726563
7 0.5382813 0.7039062 0.0588542 0.0968750
11 0.2986979 0.7085938 0.0734375 0.0828125
9 0.5218750 0.4773438 0.0708333 0.0859375
11 0.3114583 0.3160156 0.0781250 0.0757812
10 0.4932292 0.3347656 0.0677083 0.0710937
