1 0.5411458 0.5105469 0.0145833 0.0382813
2 0.6260417 0.3085938 0.0250000 0.0296875
0 0.5049479 0.8050781 0.0192708 0.0398437
5 0.5955729 0.1214844 0.0140625 0.0273438
4 0.5580729 0.5375000 0.0286458 0.0218750
1 0.4283854 0.0953125 0.0203125 0.0468750
1 0.4304688 0.2097656 0.0234375 0.0351562
3 0.7341146 0.7062500 0.0307292 0.0328125
1 0.7000000 0.4160156 0.0302083 0.0210938
1 0.6934896 0.6515625 0.0223958 0.0281250
3 0.3049479 0.4093750 0.0244792 0.0296875
0 0.6687500 0.7390625 0.0281250 0.0328125
4 0.6307292 0.7460938 0.0291667 0.0234375
5 0.4776042 0.6593750 0.0260417 0.0218750
4 0.5276042 0.3062500 0.0250000 0.0234375
4 0.3502604 0.1453125 0.0286458 0.0234375
1 0.2677083 0.6925781 0.0312500 0.0179687
3 0.5606771 0.3164062 0.0276042 0.0203125
5 0.4841146 0.2410156 0.0296875 0.0335937
2 0.4320312 0.5578125 0.0223958 0.0265625
5 0.5372396 0.1824219 0.0234375 0.0398437
4 0.6197917 0.5500000 0.0250000 0.0359375
1 0.2666667 0.8125000 0.0187500 0.0484375
4 0.3455729 0.7964844 0.0151042 0.0257812
0 0.5312500 0.2070312 0.0302083 0.0203125
4 0.3091146 0.4371094 0.0265625 0.0351562
1 0.5942708 0.2746094 0.0302083 0.0195312
3 0.4325521 0.5769531 0.0161458 0.0257812
3 0.4984375 0.4832031 0.0229167 0.0335937
1 0.5341146 0.0972656 0.0192708 0.0414062
3 0.5986979 0.4164062 0.0317708 0.0218750
0 0.3414063 0.6781250 0.0244792 0.0359375
4 0.3692708 0.1867187 0.0177083 0.0515625
4 0.7559896 0.5621094 0.0286458 0.0242188
3 0.5890625 0.8167969 0.0322917 0.0226562
0 0.2341146 0.2937500 0.0265625 0.0281250
0 0.4549479 0.6828125 0.0286458 0.0187500
2 0.5203125 0.8027344 0.0260417 0.0351562
3 0.7200521 0.4882812 0.0151042 0.0265625
1 0.3833333 0.6199219 0.0156250 0.0351562
5 0.4276042 0.3035156 0.0312500 0.0226562
0 0.6109375 0.4085937 0.0125000 0.0406250
3 0.6119792 0.3421875 0.0333333 0.0250000
3 0.5609375 0.4312500 0.0156250 0.0296875
5 0.4598958 0.7519531 0.0156250 0.0257812
1 0.6562500 0.6570312 0.0302083 0.0203125
4 0.5757813 0.8332031 0.0223958 0.0179687
1 0.6830729 0.5296875 0.0213542 0.0406250
4 0.4739583 0.3488281 0.0270833 0.0335937
10 0.5442708 0.4800781 0.0281250 0.0351562
9 0.2515625 0.4570312 0.0302083 0.0312500
10 0.6309896 0.7800781 0.0276042 0.0414062
6 0.3888021 0.1812500 0.0296875 0.0296875
8 0.3942708 0.4359375 0.0270833 0.0265625
6 0.5250000 0.6449219 0.0250000 0.0367188
9 0.7252604 0.4570312 0.0328125 0.0406250
10 0.5093750 0.2144531 0.0260417 0.0273438
11 0.5856771 0.6804687 0.0203125 0.0406250
7 0.5757813 0.6101562 0.0296875 0.0281250
8 0.5598958 0.4757812 0.0197917 0.0453125
8 0.2934896 0.3492188 0.0182292 0.0421875
