0 0.5213542 0.5929688 0.0177083 0.0281250
1 0.5848958 0.7082031 0.0166667 0.0351562
2 0.4716146 0.3445313 0.0192708 0.0203125
4 0.7421875 0.5757813 0.0208333 0.0312500
4 0.6052083 0.5636719 0.0166667 0.0226562
0 0.4898438 0.2546875 0.0161458 0.0312500
5 0.5833333 0.6625000 0.0125000 0.0390625
3 0.4880208 0.5000000 0.0208333 0.0296875
1 0.1986979 0.4808594 0.0234375 0.0226562
3 0.5270833 0.2113281 0.0145833 0.0304687
3 0.7973958 0.4890625 0.0114583 0.0171875
0 0.2786458 0.3308594 0.0177083 0.0335937
1 0.7091146 0.2753906 0.0192708 0.0210938
2 0.4114583 0.0667969 0.0197917 0.0210938
5 0.6132812 0.3503906 0.0244792 0.0210938
4 0.5302083 0.6140625 0.0125000 0.0296875
3 0.5281250 0.1246094 0.0208333 0.0179687
1 0.6304688 0.7015625 0.0203125 0.0312500
4 0.5677083 0.5328125 0.0260417 0.0218750
4 0.4916667 0.0867187 0.0260417 0.0187500
0 0.4380208 0.8863281 0.0135417 0.0367188
5 0.4229167 0.3339844 0.0166667 0.0382813
0 0.4091146 0.0289063 0.0140625 0.0296875
1 0.4861979 0.4527344 0.0151042 0.0195312
2 0.6843750 0.3761719 0.0156250 0.0320312
1 0.3674479 0.6097656 0.0119792 0.0414062
4 0.4893229 0.1601562 0.0234375 0.0187500
3 0.4468750 0.8660156 0.0114583 0.0367188
5 0.5307292 0.2449219 0.0125000 0.0210938
2 0.5908854 0.1867187 0.0213542 0.0296875
5 0.5192708 0.2378906 0.0260417 0.0179687
3 0.5940104 0.6250000 0.0140625 0.0421875
3 0.4604167 0.2691406 0.0208333 0.0210938
0 0.6502604 0.5644531 0.0098958 0.0210938
1 0.3723958 0.4558594 0.0135417 0.0367188
5 0.4648438 0.3769531 0.0171875 0.0257812
3 0.6453125 0.2246094 0.0281250 0.0226562
4 0.5919271 0.8234375 0.0182292 0.0375000
1 0.4184896 0.6472656 0.0151042 0.0242188
2 0.4450521 0.7179688 0.0265625 0.0203125
1 0.5406250 0.3253906 0.0239583 0.0257812
1 0.6807292 0.2132813 0.0239583 0.0140625
5 0.3205729 0.6265625 0.0171875 0.0296875
3 0.5838542 0.2445313 0.0156250 0.0390625
0 0.5393229 0.2730469 0.0213542 0.0304687
2 0.4986979 0.4218750 0.0151042 0.0281250
4 0.5039062 0.7019531 0.0255208 0.0164063
1 0.5627604 0.5136719 0.0140625 0.0335937
5 0.5070313 0.5238281 0.0109375 0.0351562
1 0.4109375 0.3339844 0.0125000 0.0210938
0 0.4059896 0.6222656 0.0109375 0.0195312
3 0.6442708 0.6433594 0.0125000 0.0335937
0 0.5658854 0.0976562 0.0151042 0.0281250
4 0.5065104 0.2816406 0.0255208 0.0179687
3 0.4161458 0.3945312 0.0177083 0.0359375
0 0.3385417 0.3132813 0.0156250 0.0171875
1 0.4101562 0.9226562 0.0130208 0.0281250
9 0.3968750 0.3214844 0.0229167 0.0320312
10 0.5138021 0.5699219 0.0234375 0.0226562
7 0.6127604 0.6796875 0.0234375 0.0265625
9 0.6528646 0.4726562 0.0223958 0.0296875
6 0.5916667 0.7464844 0.0239583 0.0242188
6 0.5742188 0.6164063 0.0192708 0.0281250
8 0.2979167 0.2847656 0.0260417 0.0257812
6 0.4986979 0.7675781 0.0192708 0.0273438
