2 0.7151042 0.7718750 0.0718750 0.0515625
0 0.6375000 0.0285156 0.0489583 0.0570312
0 0.6338542 0.4359375 0.0625000 0.0781250
0 0.6778646 0.2246094 0.0348958 0.1054688
4 0.4882812 0.2921875 0.0567708 0.0500000
0 0.3864583 0.5078125 0.0750000 0.0515625
4 0.5197917 0.8433594 0.0406250 0.0382813
2 0.6192708 0.7515625 0.0656250 0.0640625
1 0.3645833 0.7121094 0.0364583 0.0992187
1 0.7361979 0.5152344 0.0713542 0.0523438
0 0.4041667 0.8222656 0.0572917 0.0710937
2 0.6427083 0.3652344 0.0593750 0.0507812
1 0.6437500 0.4574219 0.0625000 0.0492187
3 0.6265625 0.7007813 0.0750000 0.0546875
3 0.4710937 0.8375000 0.0609375 0.0484375
3 0.5950521 0.5906250 0.0671875 0.0453125
2 0.3934896 0.3226562 0.0692708 0.0640625
1 0.7049479 0.6671875 0.0755208 0.0531250
4 0.7632813 0.5015625 0.0463542 0.1046875
4 0.4940104 0.6523438 0.0463542 0.0968750
5 0.6302083 0.4871094 0.0427083 0.0726563
4 0.4203125 0.4058594 0.0552083 0.0851563
4 0.6263021 0.7597656 0.0671875 0.0710937
3 0.7205729 0.2113281 0.0671875 0.0648438
4 0.6395833 0.4664063 0.0666667 0.0578125
3 0.2177083 0.5570312 0.0770833 0.0718750
3 0.7138021 0.7128906 0.0713542 0.0507812
1 0.8052083 0.3851562 0.0677083 0.0546875
5 0.2619792 0.4378906 0.0739583 0.0617188
2 0.6447917 0.8242188 0.0572917 0.0578125
1 0.4489583 0.1945312 0.0604167 0.0546875
4 0.2552083 0.7894531 0.0458333 0.0539063
0 0.5205729 0.6515625 0.0265625 0.0468750
0 0.3973958 0.4339844 0.0635417 0.0554687
6 0.2781250 0.5898438 0.0677083 0.0859375
6 0.5546875 0.3722656 0.0625000 0.0617188
6 0.3958333 0.8285156 0.0781250 0.0789062
6 0.7153646 0.3035156 0.0744792 0.0710937
11 0.5117188 0.2398437 0.0755208 0.0734375
7 0.1820313 0.2832031 0.0692708 0.0695313
9 0.4773438 0.5085937 0.0432292 0.0812500
8 0.4721354 0.2140625 0.0515625 0.0625000
8 0.4437500 0.6773438 0.0510417 0.1140625
7 0.3466146 0.3246094 0.0484375 0.0726563
11 0.4947917 0.5398437 0.0635417 0.0625000
