2 0.5143229 0.1386719 0.0151042 0.0273438
3 0.7075521 0.5875000 0.0203125 0.0265625
3 0.6895833 0.6136719 0.0187500 0.0429688
2 0.6302083 0.5777344 0.0135417 0.0273438
3 0.3231771 0.7859375 0.0338542 0.0265625
0 0.4000000 0.9214844 0.0177083 0.0429688
0 0.3526042 0.1335938 0.0156250 0.0453125
2 0.2890625 0.3347656 0.0312500 0.0242188
2 0.4661458 0.2839844 0.0312500 0.0335937
2 0.5067708 0.6808594 0.0270833 0.0210938
2 0.5802083 0.4785156 0.0239583 0.0242188
4 0.6591146 0.2671875 0.0140625 0.0218750
0 0.6505208 0.3234375 0.0187500 0.0390625
2 0.5057292 0.1726563 0.0312500 0.0218750
1 0.4565104 0.4421875 0.0192708 0.0203125
3 0.5312500 0.5117188 0.0291667 0.0281250
0 0.5054688 0.6699219 0.0171875 0.0257812
2 0.4367187 0.3402344 0.0192708 0.0210938
4 0.5054688 0.2890625 0.0244792 0.0421875
0 0.5520833 0.6222656 0.0197917 0.0445313
5 0.6088542 0.4664063 0.0291667 0.0234375
5 0.6515625 0.4644531 0.0187500 0.0382813
5 0.6557292 0.4976563 0.0302083 0.0218750
2 0.7231771 0.2785156 0.0317708 0.0273438
1 0.2533854 0.5808594 0.0151042 0.0242188
5 0.8067708 0.5449219 0.0270833 0.0257812
1 0.4359375 0.5160156 0.0197917 0.0195312
4 0.3450521 0.5605469 0.0276042 0.0195312
1 0.6481771 0.6839844 0.0317708 0.0226562
2 0.4317708 0.8746094 0.0312500 0.0210938
5 0.4200521 0.5550781 0.0255208 0.0210938
4 0.5440104 0.6988281 0.0286458 0.0226562
1 0.5174479 0.6375000 0.0140625 0.0437500
1 0.4177083 0.7851562 0.0166667 0.0437500
5 0.6236979 0.3597656 0.0182292 0.0304687
5 0.3476562 0.3523438 0.0328125 0.0296875
8 0.7388021 0.4671875 0.0286458 0.0328125
10 0.4916667 0.6718750 0.0229167 0.0390625
9 0.3158854 0.4632812 0.0265625 0.0359375
7 0.6372396 0.1539062 0.0265625 0.0265625
6 0.4945312 0.7804688 0.0276042 0.0281250
6 0.5992188 0.3652344 0.0265625 0.0257812
