2 0.6937500 0.6148438 0.0187500 0.0578125
3 0.6388021 0.7570313 0.0338542 0.0312500
2 0.5828125 0.3625000 0.0270833 0.0343750
5 0.3695312 0.1085938 0.0338542 0.0312500
5 0.3442708 0.6855469 0.0427083 0.0335937
0 0.4536458 0.5214844 0.0364583 0.0414062
2 0.4776042 0.3664062 0.0427083 0.0406250
2 0.3273437 0.6132812 0.0432292 0.0328125
2 0.5820312 0.7335938 0.0421875 0.0390625
2 0.6098958 0.7324219 0.0197917 0.0632812
3 0.5218750 0.1515625 0.0270833 0.0359375
1 0.3950521 0.6210938 0.0401042 0.0281250
3 0.6236979 0.6375000 0.0276042 0.0406250
5 0.2929688 0.4296875 0.0432292 0.0312500
5 0.3906250 0.7796875 0.0354167 0.0437500
5 0.5442708 0.6808594 0.0281250 0.0601563
2 0.5263021 0.8054687 0.0296875 0.0546875
2 0.5500000 0.3460937 0.0270833 0.0609375
2 0.3773437 0.1218750 0.0223958 0.0578125
5 0.6208333 0.1515625 0.0354167 0.0468750
10 0.7500000 0.7656250 0.0364583 0.0546875
7 0.5463542 0.8644531 0.0375000 0.0445313
10 0.5156250 0.1128906 0.0343750 0.0554687
10 0.4471354 0.7296875 0.0338542 0.0531250
9 0.3859375 0.4339844 0.0239583 0.0523438
11 0.5236979 0.0574219 0.0401042 0.0492187
8 0.6221354 0.4289062 0.0380208 0.0375000
7 0.4903646 0.5632812 0.0369792 0.0437500
10 0.6580729 0.7828125 0.0380208 0.0375000
8 0.6031250 0.4015625 0.0395833 0.0390625
7 0.5666667 0.7929688 0.0250000 0.0546875
6 0.6742187 0.2722656 0.0244792 0.0367188
10 0.3184896 0.7371094 0.0390625 0.0382813
11 0.5815104 0.7816406 0.0244792 0.0367188
10 0.4463542 0.5558594 0.0260417 0.0523438
6 0.6911458 0.8253906 0.0364583 0.0367188
7 0.5825521 0.3945312 0.0380208 0.0406250
7 0.4036458 0.2277344 0.0416667 0.0664062
