0 0.5101562 0.3304687 0.0953125 0.1109375
5 0.6208333 0.8390625 0.0906250 0.1765625
4 0.5838542 0.7066406 0.0927083 0.0882813
1 0.5875000 0.2996094 0.1031250 0.1117188
3 0.7041667 0.6792969 0.1062500 0.0710937
5 0.6380208 0.4210937 0.0614583 0.1875000
5 0.4440104 0.2312500 0.1161458 0.0984375
4 0.5067708 0.8542969 0.1083333 0.0914062
5 0.4138021 0.7312500 0.1265625 0.0843750
4 0.5807292 0.2722656 0.1041667 0.0929688
5 0.7091146 0.5175781 0.1161458 0.0757812
1 0.3674479 0.6234375 0.0598958 0.1234375
2 0.5625000 0.2175781 0.1020833 0.1054688
1 0.4346354 0.2769531 0.1213542 0.1007813
3 0.2109375 0.5445313 0.1000000 0.1000000
5 0.2875000 0.1957031 0.0583333 0.1164063
5 0.6817708 0.1855469 0.1135417 0.0820312
5 0.5143229 0.3730469 0.0734375 0.1773437
1 0.5591146 0.2496094 0.0869792 0.0945312
2 0.6505208 0.8414063 0.1104167 0.0859375
4 0.5729167 0.9679688 0.0812500 0.0625000
3 0.5713542 0.3296875 0.0979167 0.0968750
5 0.3244792 0.2167969 0.1083333 0.0976562
1 0.4023438 0.3078125 0.0630208 0.1828125
5 0.5494792 0.3695312 0.0729167 0.1562500
1 0.6375000 0.7398438 0.0656250 0.1359375
3 0.7236979 0.2359375 0.1182292 0.0765625
2 0.7049479 0.1757812 0.1182292 0.0875000
1 0.6536458 0.1933594 0.0604167 0.1710937
8 0.5190104 0.7398438 0.1098958 0.1281250
6 0.4205729 0.7492188 0.0838542 0.1656250
10 0.6463542 0.1988281 0.1156250 0.1523438
10 0.7906250 0.5238281 0.1083333 0.1085938
11 0.6929688 0.5722656 0.1182292 0.1117188
11 0.3088542 0.2613281 0.1166667 0.1132812
