5 0.6950521 0.2769531 0.0213542 0.0320312
3 0.2947917 0.4250000 0.0166667 0.0187500
3 0.6989583 0.4894531 0.0229167 0.0210938
4 0.4351563 0.4621094 0.0098958 0.0382813
2 0.6046875 0.5496094 0.0208333 0.0242188
5 0.4601562 0.4375000 0.0192708 0.0343750
1 0.4341146 0.7339844 0.0119792 0.0382813
4 0.5208333 0.6933594 0.0250000 0.0179687
2 0.5013021 0.5125000 0.0171875 0.0265625
0 0.4302083 0.5558594 0.0145833 0.0242188
3 0.4289062 0.0089844 0.0182292 0.0179687
4 0.3169271 0.5457031 0.0130208 0.0226562
4 0.4390625 0.4660156 0.0177083 0.0242188
4 0.4104167 0.4089844 0.0145833 0.0382813
2 0.7325521 0.3800781 0.0234375 0.0195312
5 0.6182292 0.3000000 0.0229167 0.0265625
0 0.7710938 0.2437500 0.0140625 0.0250000
2 0.6656250 0.8136719 0.0239583 0.0195312
5 0.5072917 0.2324219 0.0166667 0.0351562
0 0.5364583 0.1980469 0.0229167 0.0210938
5 0.3562500 0.2527344 0.0177083 0.0367188
4 0.6419271 0.5351562 0.0203125 0.0265625
3 0.5153646 0.4167969 0.0130208 0.0382813
4 0.5687500 0.4976563 0.0239583 0.0187500
0 0.4213542 0.6457031 0.0218750 0.0335937
0 0.5200521 0.3421875 0.0244792 0.0171875
3 0.6671875 0.3339844 0.0125000 0.0195312
0 0.4330729 0.6921875 0.0140625 0.0250000
5 0.5854167 0.4671875 0.0135417 0.0218750
0 0.5299479 0.5722656 0.0265625 0.0210938
4 0.2695312 0.2683594 0.0119792 0.0382813
5 0.4335938 0.5125000 0.0192708 0.0265625
0 0.5057292 0.7394531 0.0156250 0.0351562
0 0.4945312 0.6101562 0.0140625 0.0375000
2 0.6440104 0.4140625 0.0213542 0.0296875
4 0.5807292 0.2687500 0.0260417 0.0187500
4 0.3838542 0.5843750 0.0083333 0.0281250
0 0.4260417 0.8359375 0.0125000 0.0375000
4 0.6161458 0.4035156 0.0260417 0.0179687
0 0.6609375 0.3789062 0.0135417 0.0406250
0 0.5223958 0.4339844 0.0145833 0.0351562
5 0.4179688 0.1484375 0.0276042 0.0218750
0 0.5231771 0.2937500 0.0223958 0.0156250
0 0.6223958 0.7082031 0.0177083 0.0210938
4 0.6541667 0.6734375 0.0239583 0.0234375
0 0.7427083 0.7253906 0.0250000 0.0195312
5 0.5580729 0.2691406 0.0182292 0.0367188
0 0.7041667 0.4355469 0.0104167 0.0164063
4 0.6937500 0.3746094 0.0166667 0.0367188
2 0.4729167 0.2367188 0.0250000 0.0187500
5 0.6351562 0.6601562 0.0255208 0.0187500
0 0.5421875 0.5000000 0.0281250 0.0234375
5 0.5385417 0.1433594 0.0166667 0.0367188
4 0.6979167 0.2738281 0.0187500 0.0195312
0 0.5127604 0.2820313 0.0255208 0.0156250
4 0.3794271 0.1679688 0.0151042 0.0296875
1 0.3666667 0.2566406 0.0260417 0.0164063
5 0.5981771 0.7218750 0.0161458 0.0218750
4 0.5773438 0.5976562 0.0140625 0.0296875
0 0.7187500 0.5250000 0.0260417 0.0234375
3 0.5973958 0.5097656 0.0239583 0.0179687
1 0.5742188 0.4347656 0.0265625 0.0242188
5 0.7500000 0.4125000 0.0197917 0.0281250
2 0.5606771 0.8425781 0.0255208 0.0195312
4 0.4179688 0.6328125 0.0119792 0.0328125
1 0.3281250 0.6589844 0.0135417 0.0226562
9 0.6630208 0.4003906 0.0250000 0.0242188
11 0.4320312 0.2535156 0.0203125 0.0320312
7 0.4716146 0.8125000 0.0223958 0.0250000
10 0.6229167 0.3539062 0.0218750 0.0250000
6 0.3489583 0.3828125 0.0260417 0.0281250
8 0.5742188 0.3820312 0.0203125 0.0375000
6 0.5158854 0.5019531 0.0171875 0.0398437
6 0.5567708 0.2183594 0.0187500 0.0382813
