0 0.5375000 0.2285156 0.0333333 0.0289063
3 0.3367188 0.6796875 0.0380208 0.0250000
0 0.6270833 0.2960937 0.0218750 0.0406250
3 0.7075521 0.6460938 0.0359375 0.0281250
4 0.4302083 0.1855469 0.0270833 0.0273438
3 0.6020833 0.2710938 0.0260417 0.0328125
2 0.4377604 0.4871094 0.0255208 0.0242188
2 0.3289063 0.6250000 0.0369792 0.0250000
0 0.5807292 0.2019531 0.0239583 0.0195312
3 0.3598958 0.2007812 0.0343750 0.0250000
8 0.6674479 0.5371094 0.0369792 0.0445313
9 0.5085937 0.2765625 0.0338542 0.0375000
7 0.7505208 0.4531250 0.0312500 0.0468750
7 0.4424479 0.3367188 0.0213542 0.0500000
10 0.6908854 0.5289063 0.0286458 0.0468750
11 0.6643229 0.6289062 0.0338542 0.0343750
11 0.6942708 0.3859375 0.0364583 0.0484375
7 0.6830729 0.3054688 0.0307292 0.0390625
7 0.7333333 0.4859375 0.0343750 0.0343750
6 0.3908854 0.4753906 0.0317708 0.0320312
9 0.7208333 0.1554687 0.0270833 0.0500000
7 0.3864583 0.6828125 0.0281250 0.0406250
