2 0.6023437 0.2351563 0.0317708 0.0515625
1 0.3747396 0.7097656 0.0380208 0.0242188
3 0.4492188 0.4355469 0.0234375 0.0570312
1 0.7054687 0.5582031 0.0182292 0.0539063
1 0.3255208 0.3863281 0.0291667 0.0554687
0 0.5406250 0.7796875 0.0385417 0.0296875
5 0.4916667 0.8238281 0.0312500 0.0554687
0 0.2718750 0.4933594 0.0187500 0.0414062
3 0.4484375 0.6699219 0.0406250 0.0335937
3 0.6674479 0.7914062 0.0213542 0.0484375
2 0.5341146 0.4714844 0.0171875 0.0539063
4 0.6750000 0.3164062 0.0281250 0.0359375
1 0.5236979 0.7066406 0.0265625 0.0351562
3 0.4213542 0.4859375 0.0218750 0.0234375
3 0.3666667 0.5867187 0.0208333 0.0578125
1 0.6361979 0.5097656 0.0369792 0.0476562
2 0.6341146 0.7070312 0.0401042 0.0343750
4 0.3966146 0.6339844 0.0151042 0.0429688
1 0.6424479 0.6210938 0.0203125 0.0484375
5 0.3473958 0.1707031 0.0208333 0.0320312
4 0.6812500 0.9015625 0.0156250 0.0531250
1 0.4916667 0.7953125 0.0229167 0.0265625
0 0.2731771 0.5570312 0.0348958 0.0359375
4 0.5341146 0.7839844 0.0296875 0.0460938
4 0.5968750 0.1597656 0.0208333 0.0617188
3 0.4192708 0.8246094 0.0218750 0.0289063
5 0.5484375 0.3253906 0.0302083 0.0367188
0 0.4895833 0.4769531 0.0229167 0.0601563
1 0.6648437 0.5457031 0.0296875 0.0476562
5 0.6265625 0.6941406 0.0385417 0.0320312
4 0.2815104 0.3753906 0.0328125 0.0414062
5 0.3411458 0.7003906 0.0187500 0.0351562
5 0.5611979 0.4429688 0.0276042 0.0359375
1 0.3260417 0.6593750 0.0416667 0.0328125
2 0.3377604 0.3367188 0.0348958 0.0421875
4 0.6432292 0.6531250 0.0197917 0.0375000
4 0.4804688 0.4777344 0.0213542 0.0382813
0 0.4270833 0.7433594 0.0218750 0.0664062
4 0.5684896 0.5191406 0.0421875 0.0304687
4 0.7697917 0.3699219 0.0375000 0.0351562
10 0.2270833 0.6066406 0.0343750 0.0507812
9 0.2492187 0.4925781 0.0359375 0.0414062
11 0.5773438 0.4207031 0.0401042 0.0398437
7 0.6242188 0.6691406 0.0401042 0.0539063
6 0.3692708 0.5300781 0.0333333 0.0335937
7 0.6354167 0.2558594 0.0229167 0.0523438
11 0.4291667 0.6593750 0.0322917 0.0609375
11 0.7299479 0.6445312 0.0380208 0.0515625
7 0.6476563 0.2183594 0.0338542 0.0460938
7 0.2713542 0.4183594 0.0395833 0.0367188
11 0.4460938 0.7687500 0.0380208 0.0390625
7 0.5554687 0.7968750 0.0380208 0.0453125
8 0.3973958 0.3156250 0.0375000 0.0546875
11 0.3812500 0.3910156 0.0270833 0.0351562
11 0.5002604 0.2101562 0.0244792 0.0562500
9 0.5885417 0.4625000 0.0250000 0.0359375
8 0.5518229 0.5261719 0.0390625 0.0382813
10 0.4997396 0.5199219 0.0328125 0.0367188
6 0.6263021 0.4113281 0.0348958 0.0414062
6 0.6281250 0.3320312 0.0364583 0.0515625
