1 0.4682292 0.6187500 0.0593750 0.1343750
2 0.7770833 0.2320312 0.1166667 0.0734375
4 0.4492188 0.3699219 0.0932292 0.0820312
1 0.5859375 0.1929687 0.0604167 0.1171875
5 0.7736979 0.3242188 0.0880208 0.1203125
1 0.5231771 0.3121094 0.0557292 0.1679688
3 0.2510417 0.5390625 0.1104167 0.1093750
5 0.2661458 0.5199219 0.1229167 0.1054688
3 0.3114583 0.5734375 0.0437500 0.1312500
4 0.5466146 0.8539062 0.0713542 0.1390625
3 0.6333333 0.5679688 0.0968750 0.0812500
0 0.5190104 0.3570313 0.0651042 0.0875000
3 0.5083333 0.7492188 0.0604167 0.1515625
2 0.7270833 0.4886719 0.0739583 0.1289062
3 0.3906250 0.6339844 0.0791667 0.1429688
5 0.3804688 0.3453125 0.0848958 0.1171875
4 0.5335937 0.7007813 0.0901042 0.1062500
1 0.3018229 0.5218750 0.0567708 0.1734375
5 0.6197917 0.6578125 0.1062500 0.0703125
5 0.4734375 0.0578125 0.0510417 0.0875000
0 0.4932292 0.1496094 0.0739583 0.1242188
3 0.2786458 0.3957031 0.1010417 0.0742188
3 0.3986979 0.7273437 0.0651042 0.0843750
0 0.6281250 0.4652344 0.0927083 0.0789062
2 0.2882812 0.7679687 0.1046875 0.0906250
1 0.7406250 0.5347656 0.1072917 0.0898438
2 0.3151042 0.6675781 0.0447917 0.0882813
2 0.7630208 0.5953125 0.0739583 0.1578125
1 0.7312500 0.7429687 0.1052083 0.0640625
0 0.4114583 0.2613281 0.0656250 0.0804688
0 0.3117187 0.5257812 0.0973958 0.1281250
4 0.5085937 0.6789063 0.0557292 0.0875000
0 0.3820312 0.6207031 0.1046875 0.0976562
1 0.6437500 0.5292969 0.1156250 0.0804688
4 0.8429688 0.5425781 0.0598958 0.1273438
5 0.4567708 0.4933594 0.0750000 0.1054688
0 0.1942708 0.8007812 0.0791667 0.0796875
0 0.2906250 0.9199219 0.0895833 0.1210938
3 0.2226562 0.6070313 0.1213542 0.0968750
4 0.7091146 0.4199219 0.0484375 0.0742188
5 0.6096354 0.4765625 0.0651042 0.1578125
0 0.5770833 0.8117188 0.0593750 0.0890625
0 0.2747396 0.6347656 0.0838542 0.0929688
4 0.6427083 0.5812500 0.0739583 0.1343750
3 0.4213542 0.1332031 0.0875000 0.1335938
2 0.6330729 0.0621094 0.0640625 0.1242188
0 0.5072917 0.1472656 0.0437500 0.0554687
0 0.5114583 0.8394531 0.0625000 0.1679688
3 0.4023438 0.3617187 0.0661458 0.1156250
1 0.5067708 0.1261719 0.0489583 0.1257813
4 0.5302083 0.3593750 0.0614583 0.0828125
0 0.3479167 0.1523438 0.0520833 0.1593750
0 0.6213542 0.3054688 0.0937500 0.0703125
1 0.5539063 0.6386719 0.0984375 0.0648438
0 0.5713542 0.8933594 0.0520833 0.0773438
1 0.5442708 0.8332031 0.1104167 0.0757812
4 0.5119792 0.5003906 0.0541667 0.1179687
0 0.7244792 0.6125000 0.0875000 0.0937500
2 0.4226563 0.2917969 0.1067708 0.0648438
4 0.3747396 0.4335938 0.0973958 0.1250000
0 0.6682292 0.1441406 0.0718750 0.1351563
1 0.3294271 0.1285156 0.0817708 0.1335938
3 0.7471354 0.7433594 0.1015625 0.0882813
0 0.4023438 0.4054687 0.0838542 0.0750000
0 0.6125000 0.9343750 0.0593750 0.1296875
3 0.4729167 0.3050781 0.0822917 0.0726563
4 0.5661458 0.4613281 0.0541667 0.1023437
5 0.5828125 0.3703125 0.1135417 0.0765625
5 0.7497396 0.5281250 0.1046875 0.0937500
5 0.3872396 0.9207031 0.0557292 0.0804688
4 0.5445313 0.1675781 0.0671875 0.1664063
1 0.5640625 0.5507812 0.0916667 0.0656250
5 0.5515625 0.5007812 0.0812500 0.1093750
1 0.5486979 0.0949219 0.0994792 0.1101562
4 0.5187500 0.4308594 0.0677083 0.0882813
2 0.2765625 0.5398437 0.0822917 0.0937500
2 0.5635417 0.2867188 0.0635417 0.1312500
5 0.3205729 0.3265625 0.1088542 0.0734375
9 0.3111979 0.3968750 0.0661458 0.1125000
9 0.5963542 0.1769531 0.0656250 0.1554687
10 0.2513021 0.4019531 0.1036458 0.1007813
6 0.4177083 0.7117187 0.0979167 0.1546875
11 0.6984375 0.5074219 0.0906250 0.0960938
7 0.3140625 0.3117187 0.1052083 0.1046875
9 0.8065104 0.4671875 0.1098958 0.1078125
