5 0.4270833 0.5433594 0.0270833 0.0460938
2 0.6546875 0.2187500 0.0447917 0.0421875
5 0.2002604 0.4265625 0.0390625 0.0437500
2 0.5078125 0.4148438 0.0427083 0.0437500
0 0.5609375 0.4171875 0.0260417 0.0375000
3 0.6156250 0.2843750 0.0354167 0.0531250
0 0.6018229 0.6859375 0.0328125 0.0734375
1 0.6226563 0.5492187 0.0463542 0.0328125
4 0.3734375 0.6585937 0.0375000 0.0500000
2 0.3898437 0.3136719 0.0234375 0.0726563
6 0.6236979 0.5445313 0.0473958 0.0625000
10 0.6697917 0.5730469 0.0479167 0.0476562
7 0.4028646 0.1648438 0.0338542 0.0437500
6 0.2958333 0.7683594 0.0468750 0.0476562
6 0.5005208 0.3960938 0.0437500 0.0609375
11 0.4627604 0.1617187 0.0307292 0.0671875
9 0.6221354 0.2808594 0.0369792 0.0648438
8 0.4127604 0.5218750 0.0338542 0.0500000
8 0.6148438 0.8550781 0.0494792 0.0632812
