0 0.4515625 0.0398437 0.0250000 0.0406250
9 0.7247396 0.3226562 0.0296875 0.0296875
10 0.5127604 0.2507813 0.0265625 0.0437500
10 0.5471354 0.8878906 0.0265625 0.0460938
9 0.4458333 0.7582031 0.0302083 0.0398437
6 0.4885417 0.1519531 0.0197917 0.0304687
7 0.3533854 0.3632812 0.0307292 0.0437500
11 0.7242188 0.4253906 0.0317708 0.0304687
10 0.5622396 0.8621094 0.0276042 0.0445313
11 0.5432292 0.3675781 0.0281250 0.0304687
6 0.5841146 0.7894531 0.0296875 0.0289063
11 0.3856771 0.6562500 0.0317708 0.0437500
