5 0.2229167 0.3578125 0.0250000 0.0703125
3 0.6052083 0.6675781 0.0197917 0.0460938
3 0.3888021 0.3992188 0.0432292 0.0265625
0 0.5242187 0.5613281 0.0223958 0.0398437
0 0.5958333 0.2449219 0.0302083 0.0382813
2 0.5802083 0.2167969 0.0260417 0.0304687
3 0.4739583 0.2664063 0.0218750 0.0750000
0 0.4377604 0.6296875 0.0265625 0.0328125
0 0.7088542 0.1671875 0.0416667 0.0390625
2 0.3942708 0.7746094 0.0395833 0.0492187
2 0.4971354 0.5921875 0.0223958 0.0687500
2 0.6851563 0.7191406 0.0244792 0.0304687
2 0.5677083 0.3855469 0.0395833 0.0492187
2 0.7755208 0.7207031 0.0260417 0.0585938
4 0.6588542 0.3890625 0.0406250 0.0343750
2 0.5877604 0.6917969 0.0328125 0.0429688
1 0.4500000 0.0906250 0.0250000 0.0500000
0 0.7265625 0.6214844 0.0208333 0.0585938
1 0.3822917 0.4484375 0.0312500 0.0578125
0 0.5122396 0.4054687 0.0317708 0.0406250
0 0.6471354 0.2777344 0.0265625 0.0664062
4 0.7320313 0.3664062 0.0192708 0.0265625
3 0.4976563 0.8035156 0.0317708 0.0351562
3 0.4692708 0.6367188 0.0375000 0.0593750
3 0.6671875 0.7593750 0.0427083 0.0312500
1 0.5125000 0.8218750 0.0218750 0.0484375
0 0.6322917 0.8468750 0.0437500 0.0281250
3 0.4460938 0.5929688 0.0307292 0.0578125
0 0.3432292 0.4371094 0.0197917 0.0351562
4 0.6916667 0.3347656 0.0333333 0.0507812
4 0.6119792 0.5867187 0.0291667 0.0390625
4 0.4085937 0.4468750 0.0171875 0.0531250
2 0.5520833 0.6500000 0.0427083 0.0312500
5 0.4299479 0.3804688 0.0390625 0.0328125
4 0.5820312 0.4386719 0.0255208 0.0476562
5 0.6872396 0.3640625 0.0505208 0.0359375
5 0.4807292 0.4527344 0.0302083 0.0679687
1 0.6039062 0.6250000 0.0442708 0.0359375
1 0.3229167 0.3589844 0.0239583 0.0335937
5 0.4359375 0.6121094 0.0270833 0.0289063
2 0.3317708 0.4964844 0.0375000 0.0539063
2 0.6138021 0.1683594 0.0453125 0.0460938
0 0.5450521 0.6238281 0.0442708 0.0273438
2 0.5322917 0.5839844 0.0229167 0.0304687
0 0.4281250 0.3968750 0.0260417 0.0609375
3 0.6408854 0.5531250 0.0369792 0.0421875
6 0.6932292 0.3406250 0.0458333 0.0453125
6 0.4807292 0.7117187 0.0395833 0.0390625
8 0.7669271 0.6335937 0.0296875 0.0671875
6 0.6575521 0.4722656 0.0442708 0.0429688
6 0.6085938 0.3308594 0.0432292 0.0445313
8 0.5177083 0.8289062 0.0354167 0.0515625
9 0.6765625 0.7367187 0.0437500 0.0609375
6 0.4015625 0.7445312 0.0312500 0.0406250
10 0.6195312 0.2800781 0.0401042 0.0523438
9 0.6210938 0.7664062 0.0307292 0.0718750
10 0.3632812 0.3433594 0.0421875 0.0460938
11 0.3546875 0.3292969 0.0437500 0.0570312
10 0.4109375 0.1128906 0.0395833 0.0554687
6 0.6989583 0.3921875 0.0437500 0.0421875
8 0.3601563 0.1578125 0.0286458 0.0546875
7 0.6721354 0.6476563 0.0432292 0.0578125
