2 0.4356771 0.7847656 0.0786458 0.0695313
5 0.5223958 0.5835938 0.0895833 0.0953125
2 0.7351562 0.3066406 0.0932292 0.0648438
2 0.4343750 0.3503906 0.0885417 0.0601563
2 0.6348958 0.7429687 0.0937500 0.0750000
2 0.3447917 0.6082031 0.0562500 0.0898438
3 0.4739583 0.3910156 0.0875000 0.0617188
1 0.5041667 0.5113281 0.0968750 0.0835937
4 0.2838542 0.6429687 0.0468750 0.0718750
0 0.7039062 0.4718750 0.0994792 0.0906250
2 0.4156250 0.8089844 0.0916667 0.0570312
1 0.3632812 0.8386719 0.0473958 0.1445312
2 0.6619792 0.4238281 0.0697917 0.0992187
2 0.6773438 0.8511719 0.0473958 0.1492188
1 0.5424479 0.7851562 0.0432292 0.1125000
4 0.3484375 0.3371094 0.0968750 0.0742188
0 0.4453125 0.3644531 0.0833333 0.0617188
0 0.5401042 0.5167969 0.0739583 0.0882813
1 0.6476563 0.3292969 0.0692708 0.0867187
3 0.4492188 0.3546875 0.0526042 0.0468750
4 0.5557292 0.8250000 0.0739583 0.0640625
0 0.4765625 0.7121094 0.0572917 0.1335938
2 0.5039062 0.7566406 0.0546875 0.0664062
1 0.6075521 0.3722656 0.0817708 0.0992187
5 0.4572917 0.1390625 0.0895833 0.0796875
5 0.6192708 0.2453125 0.0447917 0.1296875
5 0.5554687 0.6511719 0.0588542 0.1226562
3 0.2877604 0.5523438 0.0682292 0.1125000
0 0.6765625 0.6457031 0.0645833 0.0695313
3 0.5343750 0.2859375 0.0916667 0.0687500
3 0.5799479 0.4187500 0.0869792 0.0984375
0 0.5065104 0.8316406 0.0692708 0.1382812
4 0.6786458 0.1500000 0.0437500 0.1437500
5 0.6226563 0.7804688 0.0869792 0.0609375
3 0.5812500 0.5859375 0.0854167 0.0656250
3 0.7091146 0.5414062 0.0953125 0.0796875
3 0.4317708 0.8218750 0.0895833 0.0593750
5 0.5143229 0.4609375 0.0963542 0.0812500
3 0.4570312 0.6835938 0.0796875 0.0656250
5 0.5234375 0.8492188 0.0958333 0.0906250
1 0.3723958 0.4226563 0.1010417 0.0687500
4 0.6252604 0.8281250 0.0786458 0.0984375
0 0.5283854 0.0609375 0.0598958 0.1218750
0 0.3041667 0.7167969 0.0979167 0.0679687
0 0.6479167 0.5632812 0.0802083 0.0718750
2 0.4291667 0.5984375 0.0510417 0.0671875
1 0.5380208 0.1187500 0.0781250 0.1187500
4 0.5523438 0.3726563 0.0494792 0.0859375
3 0.6572917 0.5695313 0.0822917 0.1218750
5 0.3000000 0.2820313 0.0635417 0.1531250
3 0.8330729 0.3898437 0.0494792 0.0640625
2 0.6000000 0.4992187 0.0843750 0.0546875
7 0.6997396 0.8328125 0.0567708 0.1000000
