5 0.6507812 0.5500000 0.0515625 0.0906250
3 0.5622396 0.5062500 0.0609375 0.1000000
0 0.7018229 0.6003906 0.0817708 0.0554687
2 0.6500000 0.6968750 0.0645833 0.0906250
5 0.2752604 0.6789063 0.0796875 0.0812500
5 0.4291667 0.4792969 0.0770833 0.0914062
4 0.5968750 0.1757812 0.0760417 0.0921875
4 0.5104167 0.4320312 0.0531250 0.0718750
0 0.5315104 0.3953125 0.0765625 0.0578125
2 0.4351563 0.3757813 0.0744792 0.0843750
3 0.8171875 0.4359375 0.0572917 0.0906250
4 0.2851562 0.7542969 0.0380208 0.0773438
4 0.7020833 0.6656250 0.0833333 0.0609375
3 0.4606771 0.9582031 0.0484375 0.0820312
5 0.5393229 0.7796875 0.0411458 0.0640625
5 0.5664062 0.2894531 0.0557292 0.0898438
3 0.7078125 0.5527344 0.0906250 0.0679687
3 0.4388021 0.0460938 0.0484375 0.0671875
4 0.3596354 0.4945312 0.0723958 0.0562500
0 0.5953125 0.6265625 0.0447917 0.0640625
3 0.3856771 0.2660156 0.0838542 0.0632812
3 0.4377604 0.6582031 0.0796875 0.0945312
4 0.4401042 0.5746094 0.0802083 0.0867187
5 0.7101563 0.3671875 0.0484375 0.0500000
0 0.5583333 0.4035156 0.0489583 0.0867187
3 0.7088542 0.5007812 0.0833333 0.0515625
1 0.3403646 0.3226562 0.0442708 0.0953125
2 0.6247396 0.7429687 0.0546875 0.0578125
5 0.6111979 0.1328125 0.0734375 0.0531250
2 0.3544271 0.4531250 0.0848958 0.0703125
1 0.6932292 0.3175781 0.0906250 0.0773438
5 0.6854167 0.5156250 0.0833333 0.0625000
4 0.5723958 0.2730469 0.0593750 0.0976562
3 0.4356771 0.1769531 0.0390625 0.0664062
3 0.4492188 0.2335937 0.0661458 0.0875000
5 0.4333333 0.1511719 0.0677083 0.0570312
5 0.4770833 0.1476562 0.0479167 0.0953125
5 0.5023437 0.3355469 0.0619792 0.0960938
0 0.7260417 0.3777344 0.0770833 0.0601563
11 0.4802083 0.3175781 0.0750000 0.0742188
8 0.5763021 0.3125000 0.0817708 0.0859375
6 0.4776042 0.7335938 0.0500000 0.0750000
6 0.7507812 0.7070312 0.0734375 0.0796875
10 0.3567708 0.0425781 0.0500000 0.0851563
10 0.5286458 0.5664062 0.0593750 0.0828125
10 0.5552083 0.6425781 0.0760417 0.0867187
7 0.6270833 0.5972656 0.0593750 0.1132812
10 0.6023437 0.2605469 0.0515625 0.0960938
6 0.7328125 0.5156250 0.0760417 0.0734375
8 0.5309896 0.8886719 0.0598958 0.1179687
