5 0.5208333 0.4746094 0.0968750 0.1445312
2 0.7083333 0.3320312 0.1145833 0.1296875
3 0.8052083 0.4773438 0.1343750 0.1140625
5 0.6119792 0.4863281 0.0708333 0.1570313
1 0.5085937 0.1980469 0.0713542 0.1929687
5 0.3559896 0.1984375 0.0619792 0.1640625
4 0.3885417 0.2511719 0.1041667 0.0976562
1 0.6833333 0.6433594 0.0541667 0.1101562
1 0.3515625 0.4019531 0.1447917 0.1273438
5 0.3859375 0.3472656 0.1145833 0.1179687
0 0.7080729 0.6265625 0.0828125 0.1703125
4 0.3723958 0.2203125 0.0739583 0.1921875
2 0.5247396 0.7792969 0.0755208 0.2007812
3 0.6166667 0.6949219 0.0645833 0.0992187
5 0.3502604 0.3664062 0.0848958 0.1671875
2 0.6414062 0.8464844 0.1046875 0.1742188
2 0.7036458 0.4855469 0.1041667 0.1914062
1 0.6971354 0.7003906 0.0776042 0.1351563
0 0.3276042 0.4207031 0.1416667 0.1148437
2 0.4023438 0.5792969 0.1348958 0.1007813
0 0.6835938 0.6453125 0.1567708 0.1109375
0 0.6067708 0.7269531 0.1510417 0.1070312
5 0.3572917 0.3441406 0.0697917 0.2023437
3 0.6778646 0.8687500 0.0703125 0.0953125
2 0.5630208 0.8941406 0.1250000 0.1273438
0 0.4304688 0.7933594 0.0921875 0.2054688
1 0.5080729 0.7246094 0.0817708 0.1148437
2 0.3815104 0.8054687 0.1182292 0.1375000
3 0.4309896 0.2578125 0.0661458 0.1703125
0 0.5557292 0.2160156 0.0739583 0.1023437
3 0.4242187 0.3042969 0.1171875 0.0992187
2 0.6372396 0.5886719 0.0692708 0.1117188
0 0.6630208 0.0441406 0.1375000 0.0882813
5 0.7859375 0.7011719 0.1406250 0.1492188
2 0.6690104 0.9285156 0.1401042 0.0960938
1 0.6281250 0.4453125 0.1260417 0.1328125
3 0.6333333 0.4812500 0.0833333 0.1578125
1 0.8559896 0.5429688 0.1348958 0.1437500
4 0.3002604 0.5960937 0.1453125 0.1000000
3 0.5257812 0.8664063 0.1526042 0.1046875
3 0.5197917 0.0558594 0.1000000 0.1117188
3 0.4838542 0.8792969 0.0666667 0.1148437
1 0.5119792 0.8039063 0.0864583 0.1765625
2 0.3755208 0.2976563 0.0687500 0.1906250
5 0.5200521 0.7027344 0.1338542 0.0960938
2 0.3445313 0.6500000 0.1380208 0.1078125
3 0.5427083 0.2382812 0.0760417 0.2156250
3 0.3898437 0.5929688 0.1380208 0.1250000
3 0.6062500 0.5820312 0.1031250 0.1031250
2 0.6507812 0.2375000 0.0973958 0.1078125
2 0.5921875 0.4257812 0.1343750 0.0953125
3 0.3950521 0.3570313 0.1067708 0.0859375
0 0.5200521 0.1273438 0.1098958 0.1031250
2 0.6877604 0.2261719 0.1369792 0.1273438
3 0.6221354 0.3308594 0.1328125 0.0929688
3 0.6679688 0.4531250 0.1265625 0.0953125
2 0.3958333 0.3746094 0.0802083 0.1929687
5 0.5729167 0.3656250 0.1270833 0.1015625
3 0.4213542 0.5699219 0.0604167 0.1257813
5 0.4244792 0.4992187 0.1427083 0.1250000
2 0.3773437 0.7945313 0.0963542 0.2062500
4 0.7703125 0.5261719 0.1072917 0.1742188
4 0.5286458 0.6867188 0.1427083 0.1421875
1 0.7609375 0.3753906 0.0645833 0.1117188
4 0.4989583 0.7851562 0.1239583 0.1031250
3 0.5653646 0.8140625 0.1276042 0.1437500
5 0.7226562 0.3437500 0.1109375 0.1140625
4 0.5838542 0.9003906 0.1020833 0.1773437
2 0.6971354 0.5324219 0.1161458 0.1242188
2 0.4968750 0.6386719 0.1385417 0.1429688
2 0.6515625 0.3265625 0.0958333 0.1078125
5 0.5843750 0.7367187 0.0843750 0.1093750
3 0.6005208 0.6031250 0.1479167 0.1203125
0 0.6760417 0.5613281 0.1312500 0.0960938
1 0.3992188 0.5730469 0.1109375 0.1304687
1 0.3536458 0.3671875 0.0927083 0.0968750
4 0.4166667 0.4343750 0.1291667 0.1343750
3 0.7052083 0.4128906 0.1489583 0.0945312
9 0.6955729 0.1039063 0.1401042 0.1343750
8 0.2039063 0.7625000 0.1421875 0.1390625
8 0.6453125 0.8617187 0.1250000 0.2031250
9 0.4932292 0.9281250 0.0843750 0.1421875
11 0.2231771 0.4929688 0.1401042 0.1812500
