1 0.3393229 0.6429687 0.1411458 0.1093750
4 0.5395833 0.4453125 0.1020833 0.1218750
5 0.5171875 0.7035156 0.0614583 0.1351563
0 0.8354167 0.5531250 0.1364583 0.1593750
3 0.5830729 0.1742188 0.1151042 0.1468750
5 0.4195313 0.3941406 0.1380208 0.0976562
3 0.4354167 0.6691406 0.1510417 0.0929688
1 0.5200521 0.4554687 0.0973958 0.2281250
4 0.6903646 0.6562500 0.1057292 0.1640625
2 0.3768229 0.2472656 0.0911458 0.2304688
3 0.5895833 0.8390625 0.0979167 0.1062500
0 0.3033854 0.3355469 0.1609375 0.1070312
4 0.6713542 0.4714844 0.1281250 0.0976562
2 0.3781250 0.2839844 0.0677083 0.1835938
2 0.4010417 0.6078125 0.1364583 0.0859375
2 0.7666667 0.7316406 0.0916667 0.2132813
1 0.3888021 0.8183594 0.0671875 0.2242187
2 0.6023437 0.2722656 0.1453125 0.1007813
5 0.7023438 0.4226563 0.1526042 0.0875000
0 0.5796875 0.5785156 0.1375000 0.0960938
3 0.3851562 0.5550781 0.0692708 0.1648438
0 0.3822917 0.5851563 0.1322917 0.1281250
4 0.5986979 0.6253906 0.1557292 0.1039063
1 0.7286458 0.3843750 0.1531250 0.0937500
0 0.5825521 0.3878906 0.1432292 0.0929688
4 0.7846354 0.6367188 0.0911458 0.1812500
5 0.6981771 0.7492188 0.1526042 0.1187500
0 0.4757812 0.7027344 0.0911458 0.1320312
4 0.6236979 0.3085938 0.1015625 0.1093750
5 0.5450521 0.1953125 0.1098958 0.1968750
5 0.3960938 0.6601562 0.1640625 0.1296875
1 0.4062500 0.2433594 0.1062500 0.2039063
3 0.4526042 0.2125000 0.1145833 0.1812500
3 0.6182292 0.2535156 0.1229167 0.0867187
1 0.3020833 0.3132813 0.1395833 0.1000000
3 0.2861979 0.2269531 0.1557292 0.1257813
3 0.4786458 0.2359375 0.1552083 0.1531250
4 0.6317708 0.6734375 0.0854167 0.2109375
2 0.4825521 0.7824219 0.1317708 0.1679688
3 0.2875000 0.6257812 0.0906250 0.1515625
3 0.4966146 0.4960938 0.1244792 0.1140625
2 0.6830729 0.5667969 0.1661458 0.1257813
3 0.3356771 0.5843750 0.1369792 0.0937500
4 0.6080729 0.6769531 0.0713542 0.1117188
5 0.6666667 0.4296875 0.1625000 0.1015625
4 0.7973958 0.4703125 0.0760417 0.1468750
5 0.6182292 0.2359375 0.0750000 0.1953125
4 0.7507812 0.3925781 0.0755208 0.1992188
0 0.6726562 0.3222656 0.1390625 0.1085938
3 0.3942708 0.5699219 0.1270833 0.1070312
0 0.5268229 0.5843750 0.0869792 0.2453125
5 0.1723958 0.6511719 0.1447917 0.1195313
8 0.5739583 0.2406250 0.1177083 0.2109375
9 0.2890625 0.5175781 0.1125000 0.2023437
9 0.2742188 0.7984375 0.1473958 0.1421875
6 0.3562500 0.3296875 0.0895833 0.2125000
