2 0.4963542 0.5312500 0.0229167 0.0421875
3 0.6976562 0.3281250 0.0276042 0.0500000
4 0.4937500 0.7347656 0.0291667 0.0398437
0 0.5804687 0.4542969 0.0265625 0.0554687
0 0.6726562 0.7089844 0.0390625 0.0289063
4 0.6395833 0.4144531 0.0250000 0.0226562
3 0.2916667 0.5109375 0.0416667 0.0312500
2 0.5859375 0.2582031 0.0229167 0.0304687
3 0.6489583 0.5843750 0.0197917 0.0421875
4 0.6312500 0.5320312 0.0343750 0.0296875
1 0.4502604 0.4050781 0.0203125 0.0382813
5 0.3763021 0.3785156 0.0359375 0.0367188
2 0.3703125 0.4253906 0.0281250 0.0539063
4 0.3859375 0.5964844 0.0208333 0.0507812
2 0.5864583 0.5128906 0.0354167 0.0320312
3 0.6302083 0.5753906 0.0239583 0.0398437
4 0.5247396 0.3406250 0.0276042 0.0265625
4 0.3950521 0.6644531 0.0203125 0.0367188
5 0.5348958 0.8355469 0.0333333 0.0429688
1 0.3049479 0.6242188 0.0234375 0.0406250
2 0.4937500 0.5656250 0.0208333 0.0281250
5 0.6127604 0.2746094 0.0182292 0.0617188
5 0.5028646 0.3699219 0.0442708 0.0289063
5 0.3161458 0.5800781 0.0208333 0.0539063
3 0.4528646 0.4250000 0.0328125 0.0359375
4 0.4445312 0.6074219 0.0317708 0.0523438
2 0.5859375 0.4945312 0.0375000 0.0250000
3 0.3093750 0.4570312 0.0291667 0.0500000
0 0.3940104 0.6101562 0.0421875 0.0281250
6 0.3304687 0.3476562 0.0369792 0.0359375
6 0.4971354 0.5898438 0.0307292 0.0468750
9 0.6934896 0.4820313 0.0359375 0.0390625
8 0.5648437 0.3601563 0.0359375 0.0359375
6 0.6552083 0.1125000 0.0364583 0.0453125
9 0.7013021 0.4972656 0.0223958 0.0398437
7 0.5520833 0.3832031 0.0343750 0.0367188
10 0.6463542 0.5015625 0.0333333 0.0359375
