0 0.4812500 0.8062500 0.0395833 0.1187500
0 0.6591146 0.3347656 0.0723958 0.0648438
4 0.2375000 0.2109375 0.0729167 0.0656250
5 0.3505208 0.7000000 0.0416667 0.0859375
4 0.4940104 0.4214844 0.0640625 0.0554687
4 0.6638021 0.3722656 0.0473958 0.0539063
3 0.6002604 0.7644531 0.0713542 0.0601563
2 0.7023438 0.5886719 0.0515625 0.0507812
1 0.5234375 0.5621094 0.0604167 0.0429688
0 0.3002604 0.5144531 0.0838542 0.0585938
5 0.4289062 0.6710938 0.0421875 0.0937500
2 0.6151042 0.4480469 0.0666667 0.0664062
1 0.6023437 0.7015625 0.0619792 0.0921875
0 0.5851563 0.7460938 0.0369792 0.1078125
4 0.6890625 0.4753906 0.0645833 0.0960938
1 0.5330729 0.3414063 0.0744792 0.0859375
3 0.5432292 0.5246094 0.0572917 0.0851563
0 0.6119792 0.2773438 0.0666667 0.0515625
2 0.5934896 0.5156250 0.0296875 0.0468750
1 0.6059896 0.4726562 0.0359375 0.0484375
1 0.4414062 0.6136719 0.0463542 0.1039063
2 0.3070312 0.4890625 0.0661458 0.0703125
3 0.5726562 0.3695312 0.0817708 0.0593750
3 0.5479167 0.6796875 0.0729167 0.0703125
5 0.3822917 0.3089844 0.0447917 0.1273438
0 0.3765625 0.1882813 0.0781250 0.0562500
4 0.4937500 0.6531250 0.0500000 0.0546875
0 0.5921875 0.4070313 0.0729167 0.0625000
2 0.5773438 0.5445313 0.0484375 0.0750000
10 0.6041667 0.2410156 0.0697917 0.1007813
7 0.3742187 0.8062500 0.0609375 0.1015625
11 0.4005208 0.7496094 0.0635417 0.1101562
8 0.6914062 0.6843750 0.0692708 0.0703125
6 0.6700521 0.6937500 0.0765625 0.1078125
