2 0.6104167 0.5269531 0.0166667 0.0257812
4 0.4059896 0.5179687 0.0307292 0.0250000
1 0.7213542 0.4621094 0.0218750 0.0304687
4 0.6718750 0.3003906 0.0291667 0.0195312
1 0.4854167 0.6878906 0.0312500 0.0257812
2 0.3919271 0.2699219 0.0171875 0.0414062
3 0.3484375 0.7042969 0.0208333 0.0367188
4 0.5838542 0.4773438 0.0291667 0.0187500
2 0.5083333 0.2441406 0.0291667 0.0210938
0 0.7309896 0.3421875 0.0276042 0.0203125
3 0.2786458 0.8128906 0.0322917 0.0242188
5 0.4611979 0.3468750 0.0234375 0.0375000
0 0.3708333 0.2097656 0.0156250 0.0304687
4 0.6489583 0.3492188 0.0208333 0.0296875
2 0.5708333 0.6207031 0.0145833 0.0335937
2 0.6705729 0.2941406 0.0296875 0.0242188
0 0.6000000 0.3800781 0.0156250 0.0429688
3 0.6966146 0.3734375 0.0182292 0.0421875
2 0.5414062 0.6273437 0.0213542 0.0468750
5 0.7046875 0.4730469 0.0156250 0.0257812
1 0.2979167 0.9199219 0.0177083 0.0460938
0 0.4877604 0.3023438 0.0171875 0.0406250
0 0.5338542 0.6421875 0.0281250 0.0203125
2 0.4052083 0.1511719 0.0250000 0.0320312
5 0.3721354 0.5914063 0.0265625 0.0265625
2 0.7059896 0.6464844 0.0296875 0.0289063
4 0.6518229 0.8105469 0.0244792 0.0335937
3 0.4869792 0.4101562 0.0291667 0.0234375
4 0.6757812 0.4855469 0.0140625 0.0289063
1 0.4942708 0.5152344 0.0187500 0.0257812
0 0.7028646 0.6234375 0.0265625 0.0203125
2 0.4705729 0.7000000 0.0171875 0.0218750
5 0.6106771 0.3746094 0.0286458 0.0226562
1 0.5742188 0.5707031 0.0151042 0.0226562
2 0.3075521 0.9480469 0.0328125 0.0226562
3 0.6328125 0.6207031 0.0281250 0.0195312
4 0.3619792 0.1371094 0.0208333 0.0367188
4 0.3255208 0.1984375 0.0125000 0.0296875
4 0.7546875 0.8718750 0.0312500 0.0250000
1 0.4565104 0.4625000 0.0213542 0.0203125
3 0.5140625 0.5726562 0.0302083 0.0203125
0 0.5151042 0.5492187 0.0281250 0.0250000
0 0.6809896 0.5421875 0.0276042 0.0203125
5 0.6411458 0.4976563 0.0302083 0.0203125
8 0.3453125 0.6261719 0.0177083 0.0382813
7 0.4148438 0.2347656 0.0244792 0.0335937
7 0.5950521 0.6535156 0.0171875 0.0273438
6 0.6570312 0.5507812 0.0223958 0.0406250
8 0.3992188 0.5890625 0.0265625 0.0406250
9 0.6572917 0.2292969 0.0270833 0.0289063
7 0.5429688 0.3968750 0.0317708 0.0312500
8 0.6864583 0.6585937 0.0302083 0.0375000
11 0.5109375 0.3402344 0.0218750 0.0289063
11 0.8218750 0.3480469 0.0229167 0.0429688
