4 0.4067708 0.7101563 0.0364583 0.0390625
2 0.5575521 0.3210938 0.0203125 0.0531250
4 0.3330729 0.3839844 0.0432292 0.0304687
1 0.7000000 0.6324219 0.0250000 0.0304687
3 0.4414062 0.8507813 0.0390625 0.0343750
2 0.6481771 0.3523438 0.0234375 0.0562500
5 0.5250000 0.2667969 0.0239583 0.0460938
3 0.5776042 0.9285156 0.0250000 0.0289063
2 0.6252604 0.5503906 0.0432292 0.0304687
4 0.5309896 0.3328125 0.0213542 0.0250000
4 0.6052083 0.3027344 0.0291667 0.0539063
1 0.4434896 0.7789063 0.0276042 0.0437500
1 0.4044271 0.6253906 0.0317708 0.0445313
3 0.3700521 0.4214844 0.0359375 0.0257812
5 0.7708333 0.5839844 0.0270833 0.0429688
2 0.3416667 0.1621094 0.0197917 0.0242188
3 0.4169271 0.8320312 0.0411458 0.0328125
4 0.5427083 0.2226562 0.0416667 0.0296875
2 0.6317708 0.7292969 0.0312500 0.0351562
0 0.4041667 0.6484375 0.0354167 0.0265625
0 0.7481771 0.5191406 0.0390625 0.0351562
4 0.5882812 0.7367187 0.0401042 0.0234375
2 0.3442708 0.5667969 0.0406250 0.0320312
4 0.4273438 0.2066406 0.0307292 0.0210938
1 0.3372396 0.8519531 0.0380208 0.0367188
3 0.6591146 0.2371094 0.0401042 0.0335937
5 0.6026042 0.3082031 0.0197917 0.0476562
4 0.4007812 0.3687500 0.0338542 0.0343750
0 0.4572917 0.1484375 0.0375000 0.0234375
1 0.3809896 0.2703125 0.0223958 0.0359375
4 0.5580729 0.7089844 0.0317708 0.0320312
4 0.6861979 0.4746094 0.0171875 0.0601563
0 0.7656250 0.6746094 0.0239583 0.0335937
3 0.5054688 0.3558594 0.0265625 0.0617188
2 0.6726562 0.3906250 0.0369792 0.0359375
4 0.3963542 0.8882813 0.0322917 0.0515625
2 0.5736979 0.4539063 0.0286458 0.0562500
3 0.3791667 0.2753906 0.0208333 0.0273438
1 0.3989583 0.5601563 0.0333333 0.0328125
3 0.5369792 0.7136719 0.0354167 0.0257812
0 0.6489583 0.5839844 0.0177083 0.0351562
3 0.5640625 0.5792969 0.0406250 0.0289063
3 0.5822917 0.5921875 0.0395833 0.0265625
0 0.4169271 0.5679688 0.0213542 0.0609375
4 0.6041667 0.6175781 0.0354167 0.0304687
5 0.5768229 0.9210938 0.0192708 0.0296875
4 0.3000000 0.5093750 0.0343750 0.0218750
3 0.5658854 0.2140625 0.0286458 0.0312500
1 0.5541667 0.4964844 0.0260417 0.0304687
0 0.3802083 0.6253906 0.0218750 0.0523438
4 0.6223958 0.4992187 0.0333333 0.0343750
2 0.5143229 0.8796875 0.0338542 0.0328125
4 0.4273438 0.5636719 0.0390625 0.0335937
9 0.3893229 0.7070312 0.0359375 0.0390625
8 0.3947917 0.2050781 0.0333333 0.0492187
7 0.7992187 0.6714844 0.0380208 0.0367188
11 0.5671875 0.7343750 0.0229167 0.0546875
10 0.6773438 0.2050781 0.0328125 0.0382813
