4 0.4127604 0.6164063 0.0161458 0.0234375
5 0.6174479 0.6855469 0.0171875 0.0195312
3 0.7333333 0.5789062 0.0281250 0.0265625
5 0.4752604 0.6039062 0.0244792 0.0328125
3 0.3421875 0.5921875 0.0114583 0.0421875
0 0.7481771 0.4820313 0.0276042 0.0171875
4 0.4236979 0.7031250 0.0276042 0.0218750
4 0.6822917 0.5246094 0.0270833 0.0195312
1 0.5940104 0.4347656 0.0140625 0.0460938
2 0.6312500 0.5671875 0.0218750 0.0234375
3 0.5726562 0.3621094 0.0182292 0.0320312
1 0.6549479 0.4554687 0.0161458 0.0203125
0 0.3393229 0.7714844 0.0265625 0.0289063
3 0.4682292 0.5511719 0.0177083 0.0351562
1 0.4830729 0.1859375 0.0265625 0.0187500
4 0.4726562 0.3867188 0.0140625 0.0218750
1 0.6059896 0.7128906 0.0276042 0.0195312
5 0.5158854 0.5304688 0.0276042 0.0234375
1 0.5052083 0.4078125 0.0229167 0.0234375
0 0.5289063 0.2265625 0.0276042 0.0187500
0 0.6278646 0.6710938 0.0255208 0.0265625
1 0.4731771 0.5535156 0.0151042 0.0445313
0 0.4971354 0.5003906 0.0203125 0.0289063
2 0.3911458 0.2367188 0.0166667 0.0265625
4 0.2354167 0.5906250 0.0312500 0.0218750
4 0.3320312 0.4257812 0.0213542 0.0406250
3 0.4093750 0.2382812 0.0125000 0.0375000
5 0.3226562 0.7773438 0.0151042 0.0312500
3 0.3893229 0.7636719 0.0276042 0.0179687
5 0.5447917 0.4261719 0.0166667 0.0210938
0 0.4888021 0.3250000 0.0244792 0.0203125
0 0.5263021 0.6187500 0.0265625 0.0281250
4 0.3635417 0.6531250 0.0208333 0.0203125
5 0.4552083 0.5968750 0.0291667 0.0218750
4 0.6023437 0.1730469 0.0265625 0.0179687
4 0.5096354 0.6988281 0.0171875 0.0242188
5 0.5856771 0.5015625 0.0192708 0.0281250
0 0.6513021 0.4417969 0.0276042 0.0195312
5 0.2466146 0.4289062 0.0234375 0.0312500
2 0.4541667 0.8664063 0.0229167 0.0328125
10 0.5593750 0.3140625 0.0187500 0.0406250
11 0.5403646 0.2242187 0.0234375 0.0312500
8 0.3486979 0.6234375 0.0255208 0.0250000
