1 0.4010417 0.6710938 0.0416667 0.0421875
1 0.5463542 0.3578125 0.0229167 0.0609375
5 0.6317708 0.4476562 0.0531250 0.0437500
1 0.2919271 0.7031250 0.0265625 0.0312500
2 0.5414062 0.8230469 0.0244792 0.0585938
2 0.6580729 0.3925781 0.0296875 0.0679687
3 0.6481771 0.2027344 0.0442708 0.0382813
4 0.3213542 0.4394531 0.0218750 0.0351562
1 0.4486979 0.4128906 0.0244792 0.0695313
4 0.5523438 0.3132813 0.0463542 0.0343750
2 0.4817708 0.5257812 0.0375000 0.0375000
4 0.6729167 0.4074219 0.0427083 0.0320312
3 0.6468750 0.7640625 0.0447917 0.0375000
1 0.4947917 0.5843750 0.0333333 0.0640625
4 0.4026042 0.7835937 0.0416667 0.0406250
3 0.3937500 0.6617188 0.0447917 0.0359375
2 0.5341146 0.1140625 0.0463542 0.0437500
0 0.7216146 0.8062500 0.0421875 0.0343750
0 0.4135417 0.8503906 0.0427083 0.0507812
4 0.5677083 0.3066406 0.0218750 0.0710937
2 0.4093750 0.3644531 0.0406250 0.0570312
4 0.4734375 0.2906250 0.0302083 0.0531250
5 0.6500000 0.1089844 0.0270833 0.0554687
0 0.6359375 0.2765625 0.0250000 0.0343750
3 0.2093750 0.4750000 0.0427083 0.0468750
2 0.6807292 0.1519531 0.0250000 0.0554687
3 0.4687500 0.6406250 0.0364583 0.0281250
2 0.4820313 0.6851563 0.0338542 0.0359375
2 0.7062500 0.4652344 0.0447917 0.0335937
2 0.5450521 0.8812500 0.0380208 0.0437500
5 0.5088542 0.6316406 0.0333333 0.0414062
3 0.6677083 0.5050781 0.0250000 0.0367188
0 0.6250000 0.5656250 0.0197917 0.0375000
3 0.3320312 0.6742187 0.0265625 0.0640625
4 0.3802083 0.2488281 0.0447917 0.0320312
5 0.3270833 0.2886719 0.0458333 0.0335937
2 0.7010417 0.3515625 0.0322917 0.0515625
4 0.3653646 0.3167969 0.0338542 0.0398437
4 0.4382813 0.5066406 0.0276042 0.0679687
3 0.5187500 0.6906250 0.0406250 0.0250000
0 0.5632812 0.3410156 0.0401042 0.0585938
11 0.4828125 0.8097656 0.0416667 0.0601563
8 0.5434896 0.7976562 0.0359375 0.0453125
11 0.5903646 0.5039062 0.0338542 0.0687500
7 0.5166667 0.1023437 0.0322917 0.0640625
8 0.6963542 0.5699219 0.0458333 0.0445313
9 0.6536458 0.7171875 0.0416667 0.0500000
