4 0.3953125 0.6800781 0.0406250 0.0570312
1 0.6890625 0.4871094 0.0333333 0.0429688
5 0.4187500 0.7328125 0.0437500 0.0671875
0 0.3791667 0.4910156 0.0281250 0.0867187
2 0.8093750 0.5003906 0.0281250 0.0648438
4 0.7783854 0.4292969 0.0515625 0.0460938
2 0.3401042 0.6601562 0.0364583 0.0515625
0 0.5786458 0.1570313 0.0270833 0.0875000
5 0.4572917 0.6265625 0.0270833 0.0859375
2 0.5492187 0.7144531 0.0640625 0.0429688
1 0.6830729 0.4402344 0.0317708 0.0898438
5 0.3869792 0.6488281 0.0604167 0.0617188
0 0.5674479 0.6203125 0.0463542 0.0437500
3 0.6898437 0.4937500 0.0609375 0.0500000
3 0.3309896 0.7460938 0.0276042 0.0921875
3 0.4236979 0.6773438 0.0296875 0.0687500
0 0.6265625 0.7355469 0.0447917 0.0804688
0 0.5341146 0.3265625 0.0588542 0.0375000
0 0.2460938 0.5515625 0.0453125 0.0687500
2 0.6500000 0.8328125 0.0406250 0.0937500
3 0.7343750 0.2628906 0.0593750 0.0414062
3 0.6281250 0.5167969 0.0604167 0.0492187
10 0.4924479 0.8871094 0.0536458 0.0820312
7 0.5513021 0.1292969 0.0536458 0.0523438
11 0.4377604 0.5277344 0.0494792 0.0789062
6 0.4268229 0.3085938 0.0401042 0.0750000
11 0.7427083 0.6476563 0.0583333 0.0687500
6 0.4466146 0.5218750 0.0453125 0.0812500
9 0.5270833 0.4875000 0.0562500 0.0734375
6 0.6197917 0.3367188 0.0572917 0.0562500
10 0.7026042 0.5277344 0.0552083 0.0523438
10 0.6309896 0.1339844 0.0380208 0.0867187
8 0.1981771 0.5851563 0.0536458 0.0546875
8 0.5541667 0.1628906 0.0354167 0.0820312
7 0.8382812 0.5687500 0.0546875 0.0546875
