2 0.6203125 0.4472656 0.0437500 0.0320312
2 0.4984375 0.4968750 0.0458333 0.0281250
3 0.6351562 0.6207031 0.0411458 0.0429688
5 0.5830729 0.5871094 0.0421875 0.0273438
1 0.4789062 0.3113281 0.0484375 0.0335937
1 0.5536458 0.2878906 0.0416667 0.0429688
1 0.6500000 0.7511719 0.0531250 0.0398437
4 0.6507812 0.6078125 0.0453125 0.0421875
4 0.4234375 0.5589844 0.0250000 0.0476562
0 0.5549479 0.6878906 0.0380208 0.0789062
5 0.4218750 0.7734375 0.0458333 0.0406250
3 0.5843750 0.5683594 0.0250000 0.0695313
3 0.3164062 0.6738281 0.0432292 0.0429688
0 0.4750000 0.4746094 0.0260417 0.0632812
3 0.6403646 0.5476562 0.0453125 0.0328125
3 0.5692708 0.7371094 0.0333333 0.0382813
0 0.6059896 0.6308594 0.0338542 0.0851563
0 0.5968750 0.2496094 0.0322917 0.0554687
3 0.3622396 0.3234375 0.0463542 0.0312500
5 0.4153646 0.4746094 0.0421875 0.0445313
1 0.2419271 0.7101563 0.0484375 0.0390625
5 0.5111979 0.6609375 0.0213542 0.0359375
1 0.6567708 0.1531250 0.0218750 0.0359375
5 0.3479167 0.7074219 0.0260417 0.0617188
4 0.7007813 0.6632813 0.0484375 0.0468750
1 0.6109375 0.8980469 0.0385417 0.0414062
2 0.4307292 0.5406250 0.0322917 0.0671875
5 0.5575521 0.4687500 0.0411458 0.0375000
3 0.5958333 0.7648438 0.0250000 0.0421875
1 0.2966146 0.4792969 0.0244792 0.0523438
2 0.3375000 0.1871094 0.0260417 0.0757812
1 0.4377604 0.1828125 0.0442708 0.0609375
5 0.4549479 0.1917969 0.0421875 0.0554687
3 0.3776042 0.4371094 0.0250000 0.0429688
2 0.7059896 0.7304688 0.0296875 0.0671875
2 0.5851563 0.6289062 0.0286458 0.0656250
2 0.2377604 0.4175781 0.0505208 0.0351562
0 0.5192708 0.2781250 0.0364583 0.0437500
2 0.6007813 0.8117188 0.0505208 0.0312500
3 0.6630208 0.3394531 0.0250000 0.0726563
5 0.3229167 0.7839844 0.0541667 0.0335937
1 0.2919271 0.7628906 0.0473958 0.0351562
3 0.4070313 0.1039063 0.0317708 0.0546875
3 0.4723958 0.2800781 0.0270833 0.0382813
0 0.7070312 0.6847656 0.0234375 0.0351562
2 0.4666667 0.6117187 0.0250000 0.0781250
4 0.6286458 0.6214844 0.0364583 0.0335937
4 0.6005208 0.3753906 0.0437500 0.0429688
3 0.6265625 0.4949219 0.0312500 0.0554687
4 0.5580729 0.1714844 0.0348958 0.0648438
5 0.3541667 0.7445312 0.0541667 0.0484375
0 0.5260417 0.4316406 0.0458333 0.0476562
3 0.4046875 0.7238281 0.0229167 0.0414062
4 0.4341146 0.3562500 0.0223958 0.0593750
0 0.5203125 0.6390625 0.0531250 0.0437500
2 0.3395833 0.6906250 0.0250000 0.0765625
2 0.2591146 0.5164062 0.0234375 0.0484375
4 0.4497396 0.6496094 0.0463542 0.0414062
2 0.7109375 0.7535156 0.0552083 0.0351562
4 0.5005208 0.3296875 0.0468750 0.0406250
2 0.5903646 0.1921875 0.0380208 0.0718750
2 0.6377604 0.7218750 0.0505208 0.0359375
11 0.7075521 0.7371094 0.0453125 0.0445313
11 0.3572917 0.3769531 0.0427083 0.0695313
6 0.6601562 0.6054688 0.0380208 0.0671875
6 0.7054687 0.6902344 0.0380208 0.0726563
9 0.2888021 0.5492187 0.0348958 0.0703125
9 0.5981771 0.4714844 0.0380208 0.0492187
8 0.5721354 0.6308594 0.0442708 0.0429688
8 0.5960937 0.5328125 0.0432292 0.0687500
9 0.2770833 0.2582031 0.0364583 0.0726563
8 0.5531250 0.3484375 0.0343750 0.0687500
11 0.5450521 0.3839844 0.0526042 0.0507812
