5 0.6395833 0.7015625 0.0343750 0.0250000
0 0.2760417 0.5132813 0.0218750 0.0531250
0 0.6552083 0.4156250 0.0354167 0.0406250
5 0.4669271 0.5691406 0.0192708 0.0445313
0 0.3065104 0.4976563 0.0328125 0.0265625
3 0.4898438 0.6863281 0.0348958 0.0257812
0 0.4937500 0.8972656 0.0177083 0.0507812
5 0.3968750 0.4968750 0.0177083 0.0515625
4 0.4953125 0.1925781 0.0364583 0.0242188
4 0.6203125 0.5945312 0.0250000 0.0453125
3 0.3244792 0.5031250 0.0218750 0.0515625
0 0.7432292 0.5406250 0.0208333 0.0265625
2 0.5127604 0.6507812 0.0171875 0.0546875
2 0.6882812 0.6332031 0.0255208 0.0414062
2 0.6236979 0.1480469 0.0171875 0.0257812
4 0.4593750 0.6644531 0.0250000 0.0476562
2 0.5835938 0.6195312 0.0244792 0.0375000
1 0.6289062 0.8324219 0.0359375 0.0320312
3 0.7398438 0.7335938 0.0234375 0.0312500
0 0.5221354 0.5324219 0.0317708 0.0273438
5 0.5361979 0.4523437 0.0328125 0.0328125
4 0.7028646 0.6484375 0.0307292 0.0390625
3 0.6869792 0.8511719 0.0208333 0.0539063
3 0.4781250 0.4000000 0.0364583 0.0265625
3 0.4434896 0.8558594 0.0338542 0.0226562
5 0.6757812 0.8218750 0.0338542 0.0187500
5 0.5091146 0.6421875 0.0151042 0.0296875
2 0.4666667 0.1566406 0.0239583 0.0382813
1 0.5143229 0.2343750 0.0276042 0.0375000
1 0.5546875 0.6824219 0.0385417 0.0257812
4 0.4242187 0.3152344 0.0369792 0.0320312
3 0.3361979 0.4859375 0.0203125 0.0390625
4 0.4414062 0.4050781 0.0203125 0.0242188
5 0.5049479 0.7746094 0.0276042 0.0523438
3 0.6976562 0.5214844 0.0338542 0.0289063
1 0.3572917 0.7503906 0.0270833 0.0492187
4 0.6151042 0.4976563 0.0291667 0.0406250
3 0.6692708 0.7269531 0.0187500 0.0320312
5 0.5200521 0.5730469 0.0265625 0.0273438
2 0.5052083 0.2828125 0.0177083 0.0468750
3 0.4947917 0.6515625 0.0260417 0.0359375
2 0.5697917 0.1777344 0.0239583 0.0460938
2 0.3541667 0.4898438 0.0322917 0.0203125
0 0.5114583 0.3652344 0.0197917 0.0367188
4 0.6125000 0.1492188 0.0333333 0.0281250
2 0.5575521 0.6421875 0.0213542 0.0281250
4 0.5705729 0.7015625 0.0317708 0.0375000
0 0.2747396 0.7785156 0.0328125 0.0257812
4 0.6841146 0.4074219 0.0359375 0.0351562
1 0.7414063 0.5656250 0.0401042 0.0265625
5 0.5565104 0.4886719 0.0359375 0.0289063
4 0.5929688 0.3277344 0.0182292 0.0414062
1 0.5505208 0.3562500 0.0375000 0.0234375
2 0.6015625 0.2058594 0.0208333 0.0601563
3 0.6052083 0.6437500 0.0197917 0.0453125
4 0.6190104 0.9199219 0.0348958 0.0289063
5 0.6317708 0.2558594 0.0354167 0.0226562
1 0.4609375 0.6425781 0.0229167 0.0242188
2 0.3658854 0.4375000 0.0317708 0.0375000
2 0.4541667 0.8542969 0.0218750 0.0414062
2 0.3460937 0.5941406 0.0171875 0.0320312
3 0.6562500 0.4320312 0.0333333 0.0312500
5 0.4507813 0.3015625 0.0348958 0.0234375
1 0.4734375 0.3195312 0.0270833 0.0484375
2 0.5416667 0.8085938 0.0177083 0.0343750
2 0.5091146 0.8609375 0.0171875 0.0265625
3 0.6708333 0.6585937 0.0281250 0.0390625
3 0.2986979 0.7531250 0.0328125 0.0250000
7 0.2848958 0.3207031 0.0343750 0.0429688
8 0.5117188 0.1976563 0.0338542 0.0500000
6 0.8361979 0.6285156 0.0317708 0.0414062
6 0.3500000 0.5757813 0.0291667 0.0484375
9 0.6781250 0.4425781 0.0343750 0.0460938
