0 0.3549479 0.4906250 0.0244792 0.0468750
3 0.6411458 0.5339844 0.0447917 0.0429688
2 0.6377604 0.2996094 0.0473958 0.0335937
3 0.6343750 0.3101563 0.0458333 0.0468750
1 0.2731771 0.3753906 0.0380208 0.0367188
4 0.7054687 0.2855469 0.0234375 0.0398437
0 0.5515625 0.5070313 0.0406250 0.0546875
5 0.4893229 0.5320312 0.0421875 0.0343750
3 0.7776042 0.6812500 0.0385417 0.0421875
3 0.5648437 0.7750000 0.0359375 0.0656250
4 0.4096354 0.0730469 0.0421875 0.0476562
4 0.7140625 0.8195313 0.0447917 0.0312500
1 0.4997396 0.9718750 0.0338542 0.0546875
1 0.2955729 0.8191406 0.0442708 0.0367188
3 0.3010417 0.1039063 0.0312500 0.0437500
1 0.5593750 0.6859375 0.0385417 0.0375000
5 0.6708333 0.2335937 0.0489583 0.0375000
4 0.4445312 0.6039062 0.0307292 0.0421875
2 0.3747396 0.8339844 0.0453125 0.0414062
1 0.6101562 0.7488281 0.0296875 0.0570312
5 0.3536458 0.4187500 0.0510417 0.0390625
0 0.6263021 0.5988281 0.0442708 0.0289063
5 0.5875000 0.2921875 0.0406250 0.0421875
7 0.7072917 0.5964844 0.0437500 0.0429688
8 0.6776042 0.4992187 0.0302083 0.0609375
