3 0.4468750 0.7585937 0.0989583 0.0906250
5 0.6653646 0.8273438 0.1255208 0.1687500
5 0.4442708 0.7753906 0.1354167 0.0960938
0 0.6065104 0.7855469 0.1296875 0.1414063
5 0.5057292 0.8894531 0.1312500 0.1023437
3 0.7140625 0.5609375 0.1270833 0.0781250
1 0.6184896 0.0625000 0.1296875 0.0937500
0 0.6273437 0.2562500 0.0838542 0.2062500
4 0.4505208 0.6957031 0.0906250 0.1914062
5 0.2598958 0.6781250 0.1458333 0.1171875
0 0.2726562 0.1890625 0.1536458 0.1031250
1 0.3406250 0.1671875 0.1020833 0.0906250
5 0.5572917 0.2398437 0.1020833 0.1421875
2 0.5937500 0.7082031 0.1489583 0.1070312
1 0.5911458 0.3277344 0.1437500 0.1242188
5 0.7104167 0.3011719 0.1239583 0.1460937
4 0.5213542 0.3734375 0.0614583 0.1687500
3 0.6104167 0.4519531 0.1031250 0.2367188
0 0.1760417 0.5398437 0.1343750 0.1437500
0 0.3002604 0.5968750 0.0588542 0.2031250
3 0.5992188 0.6843750 0.1401042 0.1265625
2 0.7177083 0.6042969 0.1322917 0.1085938
5 0.4356771 0.6128906 0.1151042 0.0929688
5 0.5406250 0.8519531 0.0770833 0.0773438
0 0.5747396 0.5042969 0.1578125 0.1164063
3 0.7786458 0.6074219 0.1447917 0.1023437
0 0.5388021 0.2000000 0.1026042 0.1203125
3 0.5312500 0.2753906 0.0739583 0.1539062
1 0.6289062 0.3246094 0.1140625 0.1070312
4 0.6429687 0.1722656 0.0963542 0.2132813
1 0.8424479 0.3761719 0.1578125 0.1132812
0 0.5841146 0.2640625 0.0682292 0.1593750
0 0.5447917 0.3585937 0.0687500 0.1078125
3 0.4085937 0.1480469 0.0765625 0.2226562
5 0.3690104 0.5261719 0.0828125 0.0914062
3 0.6367188 0.2761719 0.0869792 0.1507813
3 0.6627604 0.5058594 0.0619792 0.2023437
4 0.7117187 0.5886719 0.1244792 0.1039063
4 0.5408854 0.2746094 0.0651042 0.1054688
2 0.2541667 0.4035156 0.1177083 0.1992188
4 0.3018229 0.5992188 0.1505208 0.1312500
0 0.5742188 0.6210938 0.1557292 0.1093750
1 0.7408854 0.5042969 0.1036458 0.1492188
9 0.6588542 0.3511719 0.1177083 0.1242188
11 0.7513021 0.4652344 0.1213542 0.1445312
6 0.3471354 0.6007813 0.1223958 0.1203125
8 0.5307292 0.0425781 0.0854167 0.0851563
11 0.5630208 0.7074219 0.1166667 0.1585938
6 0.6776042 0.6324219 0.1479167 0.1539062
6 0.2583333 0.5335937 0.1208333 0.1484375
10 0.4010417 0.5832031 0.1437500 0.1382812
11 0.4497396 0.8558594 0.1161458 0.1992188
