3 0.6895833 0.5667969 0.0229167 0.0164063
0 0.7416667 0.6667969 0.0250000 0.0226562
0 0.3630208 0.5554687 0.0218750 0.0187500
2 0.3627604 0.3910156 0.0182292 0.0195312
0 0.4101562 0.8593750 0.0119792 0.0343750
3 0.4601562 0.2742188 0.0130208 0.0359375
1 0.5552083 0.1695312 0.0218750 0.0171875
0 0.4200521 0.3996094 0.0140625 0.0210938
1 0.6320313 0.3417969 0.0171875 0.0195312
3 0.4385417 0.5308594 0.0145833 0.0289063
5 0.5526042 0.7308594 0.0125000 0.0304687
5 0.7716146 0.5292969 0.0130208 0.0226562
5 0.5882812 0.6039062 0.0213542 0.0156250
5 0.5776042 0.6917969 0.0177083 0.0257812
1 0.3268229 0.3375000 0.0109375 0.0265625
3 0.4565104 0.5863281 0.0192708 0.0273438
2 0.4908854 0.8527344 0.0140625 0.0179687
0 0.7364583 0.4304688 0.0218750 0.0187500
4 0.7455729 0.3191406 0.0223958 0.0179687
1 0.4195313 0.7152344 0.0223958 0.0132812
4 0.6640625 0.4910156 0.0114583 0.0148437
0 0.5208333 0.8066406 0.0145833 0.0273438
0 0.6276042 0.5078125 0.0145833 0.0171875
3 0.5419271 0.6859375 0.0203125 0.0250000
4 0.2424479 0.2683594 0.0234375 0.0179687
1 0.6593750 0.5976562 0.0197917 0.0281250
0 0.4976563 0.2984375 0.0140625 0.0343750
0 0.3236979 0.7121094 0.0192708 0.0257812
3 0.6093750 0.6371094 0.0145833 0.0367188
4 0.5661458 0.7632813 0.0229167 0.0187500
5 0.7223958 0.3558594 0.0229167 0.0195312
4 0.3992188 0.1738281 0.0130208 0.0335937
4 0.5679688 0.4441406 0.0213542 0.0164063
5 0.5346354 0.5613281 0.0192708 0.0257812
3 0.4390625 0.3089844 0.0197917 0.0226562
1 0.6255208 0.2796875 0.0156250 0.0156250
1 0.5325521 0.4019531 0.0140625 0.0242188
1 0.5757813 0.6496094 0.0119792 0.0195312
3 0.5419271 0.4542969 0.0171875 0.0304687
4 0.6466146 0.7148438 0.0223958 0.0218750
4 0.5841146 0.5792969 0.0223958 0.0164063
2 0.7546875 0.4503906 0.0156250 0.0289063
5 0.5247396 0.3332031 0.0151042 0.0226562
5 0.6125000 0.1226562 0.0135417 0.0250000
3 0.3075521 0.2722656 0.0119792 0.0335937
5 0.7093750 0.3371094 0.0187500 0.0335937
5 0.6841146 0.7078125 0.0244792 0.0250000
1 0.3541667 0.5730469 0.0208333 0.0179687
3 0.5497396 0.2574219 0.0130208 0.0335937
0 0.5148438 0.8984375 0.0151042 0.0156250
4 0.6250000 0.4292969 0.0208333 0.0273438
5 0.5854167 0.2535156 0.0177083 0.0242188
3 0.6580729 0.5035156 0.0203125 0.0195312
0 0.5630208 0.1828125 0.0156250 0.0171875
2 0.5348958 0.2730469 0.0197917 0.0304687
0 0.3911458 0.5324219 0.0104167 0.0304687
3 0.5382813 0.3046875 0.0140625 0.0203125
2 0.7213542 0.6085938 0.0156250 0.0218750
2 0.5565104 0.5593750 0.0234375 0.0171875
2 0.3468750 0.8609375 0.0229167 0.0171875
5 0.5973958 0.7042969 0.0218750 0.0273438
5 0.4729167 0.5949219 0.0166667 0.0320312
0 0.2541667 0.3292969 0.0229167 0.0179687
2 0.3403646 0.2792969 0.0119792 0.0289063
4 0.5093750 0.4710937 0.0156250 0.0234375
5 0.7216146 0.5753906 0.0182292 0.0195312
4 0.5476562 0.4140625 0.0213542 0.0140625
2 0.3869792 0.5535156 0.0239583 0.0226562
5 0.7815104 0.6406250 0.0130208 0.0171875
0 0.5848958 0.2773438 0.0135417 0.0250000
4 0.6023437 0.3898437 0.0223958 0.0171875
5 0.5070313 0.2328125 0.0109375 0.0171875
3 0.5416667 0.6195312 0.0187500 0.0203125
0 0.5804687 0.3515625 0.0234375 0.0140625
5 0.4619792 0.7550781 0.0156250 0.0210938
11 0.5182292 0.6460938 0.0145833 0.0218750
8 0.5171875 0.1988281 0.0197917 0.0289063
11 0.5080729 0.1730469 0.0223958 0.0273438
9 0.2968750 0.5855469 0.0218750 0.0226562
11 0.6252604 0.3562500 0.0213542 0.0218750
8 0.2981771 0.6988281 0.0140625 0.0320312
11 0.5348958 0.5214844 0.0218750 0.0257812
