2 0.3505208 0.4636719 0.0572917 0.0742188
2 0.6088542 0.0421875 0.1114583 0.0812500
0 0.6231771 0.3972656 0.0744792 0.1179687
2 0.4440104 0.4339844 0.0619792 0.1382812
1 0.5815104 0.8433594 0.1130208 0.0945312
2 0.7924479 0.5691406 0.0713542 0.1648438
3 0.7174479 0.4683594 0.0723958 0.1242188
3 0.5981771 0.5296875 0.1130208 0.0890625
3 0.6989583 0.2222656 0.0802083 0.0976562
4 0.5364583 0.3167969 0.0885417 0.1117188
4 0.6734375 0.5796875 0.1020833 0.0781250
2 0.5828125 0.3773437 0.1156250 0.0671875
3 0.6255208 0.6191406 0.1125000 0.1039063
1 0.4627604 0.4605469 0.0578125 0.1414063
5 0.2718750 0.6343750 0.0802083 0.1109375
4 0.3682292 0.2437500 0.0468750 0.1531250
0 0.2760417 0.1273438 0.0531250 0.1328125
1 0.7838542 0.6230469 0.0697917 0.0710937
3 0.4252604 0.8980469 0.0682292 0.1398437
4 0.6075521 0.2718750 0.1036458 0.0718750
2 0.7507812 0.5601563 0.1067708 0.0890625
2 0.7164063 0.4253906 0.0692708 0.0929688
0 0.4869792 0.5589844 0.0958333 0.0726563
3 0.6148438 0.3898437 0.0661458 0.1468750
3 0.4065104 0.3742187 0.0828125 0.1515625
1 0.5802083 0.3023438 0.1135417 0.1281250
1 0.4523437 0.8792969 0.0546875 0.1179687
0 0.3190104 0.6839844 0.1223958 0.1117188
1 0.4630208 0.5531250 0.0927083 0.0937500
4 0.2932292 0.4023438 0.0968750 0.1250000
1 0.5940104 0.2343750 0.0994792 0.1015625
0 0.4192708 0.4859375 0.0583333 0.1515625
4 0.6593750 0.3968750 0.0510417 0.1265625
4 0.6471354 0.5187500 0.1098958 0.0765625
3 0.5205729 0.2351563 0.0515625 0.0921875
5 0.5364583 0.4992187 0.1020833 0.0781250
3 0.7479167 0.2781250 0.0583333 0.0921875
3 0.5268229 0.3062500 0.0536458 0.1500000
2 0.5197917 0.8679687 0.1145833 0.0828125
4 0.7255208 0.5539063 0.0979167 0.1234375
2 0.6203125 0.3972656 0.1125000 0.0773438
5 0.7442708 0.3839844 0.1010417 0.0851563
0 0.3445313 0.4726562 0.1109375 0.0781250
0 0.7281250 0.7730469 0.0927083 0.1195313
2 0.5546875 0.1265625 0.1052083 0.0765625
1 0.6802083 0.4832031 0.1156250 0.0945312
5 0.7768229 0.2621094 0.1109375 0.0726563
0 0.3455729 0.6617188 0.0911458 0.0765625
4 0.6908854 0.7078125 0.1078125 0.0890625
4 0.4083333 0.4410156 0.0406250 0.0679687
5 0.4893229 0.1636719 0.0557292 0.0867187
5 0.6742187 0.5835938 0.0567708 0.1531250
2 0.5828125 0.1042969 0.0625000 0.1101562
5 0.6671875 0.4761719 0.0656250 0.1492188
0 0.5372396 0.5132813 0.0932292 0.0734375
5 0.6536458 0.4164062 0.1062500 0.0687500
0 0.3695312 0.3789062 0.0546875 0.1375000
1 0.5653646 0.8531250 0.0921875 0.0937500
1 0.6005208 0.6339844 0.0656250 0.0851563
5 0.5799479 0.0382813 0.0786458 0.0765625
5 0.2151042 0.3316406 0.0656250 0.1507813
5 0.6973958 0.5242187 0.1041667 0.0687500
2 0.7205729 0.5886719 0.0796875 0.0960938
1 0.4885417 0.1941406 0.0458333 0.0679687
3 0.4184896 0.7367187 0.0973958 0.0937500
3 0.6643229 0.0554687 0.1088542 0.0921875
3 0.5747396 0.7976562 0.1088542 0.0906250
3 0.6424479 0.5613281 0.0984375 0.0882813
4 0.5604167 0.4285156 0.0697917 0.0804688
4 0.3486979 0.8484375 0.0598958 0.1671875
2 0.6533854 0.1894531 0.0796875 0.0945312
2 0.5197917 0.0765625 0.1052083 0.0750000
2 0.2955729 0.8234375 0.0609375 0.1656250
3 0.7223958 0.7066406 0.1000000 0.0710937
0 0.5000000 0.6972656 0.1135417 0.0882813
2 0.4778646 0.2050781 0.0640625 0.0960938
9 0.5145833 0.1343750 0.0750000 0.1656250
10 0.5075521 0.2957031 0.0713542 0.1476562
9 0.6325521 0.1902344 0.0984375 0.1164063
6 0.2427083 0.7453125 0.0656250 0.1515625
