1 0.5625000 0.7878906 0.0250000 0.0304687
1 0.5294271 0.2632813 0.0296875 0.0218750
4 0.3036458 0.8574219 0.0145833 0.0476562
0 0.6747396 0.2750000 0.0192708 0.0250000
2 0.2940104 0.5078125 0.0171875 0.0484375
5 0.5190104 0.5316406 0.0213542 0.0351562
3 0.5958333 0.2226562 0.0343750 0.0250000
5 0.5286458 0.2035156 0.0218750 0.0351562
1 0.5151042 0.7375000 0.0145833 0.0484375
2 0.3718750 0.5300781 0.0302083 0.0257812
0 0.4041667 0.4339844 0.0250000 0.0367188
10 0.5875000 0.4285156 0.0270833 0.0335937
11 0.4809896 0.2972656 0.0265625 0.0429688
10 0.6234375 0.2382812 0.0197917 0.0296875
7 0.5877604 0.4445312 0.0203125 0.0359375
10 0.5700521 0.7824219 0.0307292 0.0320312
10 0.3614583 0.2664063 0.0270833 0.0265625
11 0.5302083 0.7042969 0.0239583 0.0460938
