1 0.5567708 0.7113281 0.0218750 0.0179687
5 0.5848958 0.7753906 0.0229167 0.0195312
5 0.6940104 0.3054688 0.0213542 0.0171875
4 0.5768229 0.2914062 0.0213542 0.0171875
2 0.5187500 0.7609375 0.0177083 0.0265625
0 0.5679688 0.5460938 0.0192708 0.0250000
4 0.2893229 0.4382813 0.0182292 0.0171875
3 0.4200521 0.3781250 0.0223958 0.0265625
1 0.3041667 0.5007812 0.0166667 0.0187500
1 0.6885417 0.5613281 0.0239583 0.0273438
3 0.4033854 0.8222656 0.0234375 0.0210938
2 0.6960937 0.2839844 0.0130208 0.0351562
1 0.3882813 0.7023438 0.0265625 0.0171875
4 0.4799479 0.4968750 0.0119792 0.0171875
3 0.4703125 0.3742187 0.0260417 0.0265625
1 0.7109375 0.3332031 0.0156250 0.0289063
4 0.5789062 0.5234375 0.0151042 0.0296875
3 0.4005208 0.5089844 0.0177083 0.0242188
1 0.4651042 0.4531250 0.0218750 0.0171875
0 0.5218750 0.8417969 0.0239583 0.0148437
3 0.3934896 0.2027344 0.0109375 0.0367188
5 0.5062500 0.8695312 0.0229167 0.0171875
0 0.4716146 0.5203125 0.0161458 0.0171875
4 0.4276042 0.6062500 0.0229167 0.0156250
4 0.7216146 0.6980469 0.0244792 0.0179687
5 0.4393229 0.6664062 0.0192708 0.0187500
0 0.4377604 0.5199219 0.0161458 0.0335937
2 0.6976562 0.4515625 0.0255208 0.0187500
3 0.6807292 0.6804687 0.0250000 0.0187500
0 0.5789062 0.2589844 0.0182292 0.0179687
3 0.6625000 0.7687500 0.0218750 0.0281250
3 0.5802083 0.5500000 0.0260417 0.0187500
4 0.4697917 0.3371094 0.0145833 0.0367188
2 0.6664062 0.5746094 0.0244792 0.0195312
3 0.5018229 0.6140625 0.0182292 0.0343750
1 0.6263021 0.8109375 0.0151042 0.0343750
2 0.5218750 0.2941406 0.0250000 0.0164063
3 0.6880208 0.5531250 0.0177083 0.0250000
3 0.4718750 0.4765625 0.0104167 0.0234375
0 0.4893229 0.4546875 0.0192708 0.0203125
2 0.6796875 0.3609375 0.0250000 0.0250000
5 0.4890625 0.0777344 0.0145833 0.0351562
4 0.4945312 0.2609375 0.0161458 0.0265625
0 0.4039063 0.6218750 0.0161458 0.0296875
2 0.7125000 0.5234375 0.0166667 0.0265625
5 0.4026042 0.2863281 0.0229167 0.0304687
4 0.5757813 0.1707031 0.0213542 0.0179687
1 0.4309896 0.1839844 0.0244792 0.0179687
4 0.3307292 0.5308594 0.0177083 0.0195312
11 0.4265625 0.5890625 0.0239583 0.0234375
6 0.4335938 0.6367188 0.0192708 0.0281250
8 0.3330729 0.5449219 0.0161458 0.0304687
11 0.7218750 0.6101562 0.0218750 0.0218750
6 0.5687500 0.6062500 0.0208333 0.0265625
9 0.6687500 0.6863281 0.0197917 0.0226562
8 0.5093750 0.6472656 0.0218750 0.0210938
6 0.7281250 0.3378906 0.0218750 0.0242188
9 0.5210938 0.3062500 0.0223958 0.0312500
8 0.5828125 0.1945312 0.0239583 0.0234375
7 0.3127604 0.7511719 0.0223958 0.0242188
11 0.4893229 0.7378906 0.0171875 0.0210938
11 0.6218750 0.6386719 0.0145833 0.0226562
8 0.2372396 0.6382813 0.0171875 0.0359375
7 0.4122396 0.8121094 0.0171875 0.0210938
10 0.4838542 0.3242188 0.0156250 0.0328125
7 0.3966146 0.3160156 0.0213542 0.0320312
