0 0.4770833 0.8082031 0.0229167 0.0179687
2 0.6307292 0.3093750 0.0239583 0.0250000
0 0.5250000 0.7121094 0.0260417 0.0195312
1 0.6187500 0.2000000 0.0229167 0.0156250
3 0.5604167 0.5218750 0.0135417 0.0265625
2 0.4992187 0.6699219 0.0234375 0.0195312
1 0.5729167 0.6042969 0.0229167 0.0148437
2 0.6906250 0.7597656 0.0229167 0.0273438
3 0.5955729 0.3613281 0.0255208 0.0195312
2 0.6911458 0.6187500 0.0218750 0.0312500
0 0.2122396 0.4601562 0.0213542 0.0296875
0 0.2838542 0.4921875 0.0177083 0.0328125
2 0.6635417 0.5003906 0.0177083 0.0179687
4 0.6513021 0.4449219 0.0140625 0.0335937
1 0.5442708 0.1761719 0.0156250 0.0226562
5 0.3643229 0.8390625 0.0244792 0.0203125
5 0.3296875 0.7472656 0.0177083 0.0320312
5 0.4559896 0.6539063 0.0151042 0.0187500
5 0.7052083 0.3773437 0.0239583 0.0187500
4 0.5471354 0.5242187 0.0234375 0.0218750
4 0.5638021 0.3925781 0.0223958 0.0179687
0 0.6395833 0.8105469 0.0239583 0.0164063
2 0.6434896 0.3113281 0.0192708 0.0289063
0 0.5130208 0.6832031 0.0166667 0.0335937
5 0.6005208 0.4609375 0.0250000 0.0171875
4 0.2609375 0.4046875 0.0229167 0.0234375
1 0.5565104 0.6523438 0.0223958 0.0140625
3 0.3330729 0.6433594 0.0255208 0.0195312
5 0.3369792 0.6062500 0.0156250 0.0359375
2 0.5789062 0.4078125 0.0203125 0.0203125
0 0.5614583 0.6164063 0.0208333 0.0296875
1 0.6054688 0.8085938 0.0140625 0.0390625
1 0.6742187 0.2808594 0.0234375 0.0164063
2 0.3333333 0.5441406 0.0239583 0.0226562
2 0.3484375 0.4882812 0.0177083 0.0250000
1 0.4289062 0.7246094 0.0182292 0.0242188
3 0.4348958 0.6214844 0.0177083 0.0320312
5 0.4734375 0.4839844 0.0166667 0.0226562
0 0.5992188 0.3867188 0.0130208 0.0359375
2 0.7028646 0.7527344 0.0244792 0.0226562
3 0.6010417 0.2300781 0.0156250 0.0367188
1 0.5096354 0.7468750 0.0234375 0.0140625
0 0.6476563 0.2632813 0.0182292 0.0234375
4 0.5489583 0.4636719 0.0197917 0.0210938
0 0.6671875 0.4121094 0.0218750 0.0164063
2 0.5755208 0.4007812 0.0250000 0.0171875
5 0.4781250 0.6621094 0.0177083 0.0289063
5 0.3104167 0.5132813 0.0125000 0.0390625
5 0.5552083 0.1917969 0.0208333 0.0195312
1 0.6299479 0.5003906 0.0140625 0.0179687
2 0.4971354 0.3875000 0.0213542 0.0203125
3 0.2507813 0.3382812 0.0119792 0.0250000
3 0.5382813 0.3140625 0.0192708 0.0234375
1 0.1994792 0.5867187 0.0250000 0.0203125
2 0.4643229 0.4832031 0.0234375 0.0273438
7 0.5830729 0.7875000 0.0203125 0.0281250
9 0.4861979 0.3363281 0.0161458 0.0289063
8 0.4135417 0.7003906 0.0166667 0.0367188
9 0.6335937 0.4792969 0.0244792 0.0351562
7 0.6669271 0.6734375 0.0213542 0.0203125
6 0.4786458 0.4664063 0.0239583 0.0312500
8 0.5640625 0.6539063 0.0218750 0.0265625
6 0.3979167 0.1691406 0.0218750 0.0351562
11 0.5447917 0.3644531 0.0260417 0.0257812
8 0.4906250 0.3140625 0.0208333 0.0250000
11 0.6489583 0.2660156 0.0229167 0.0289063
10 0.7119792 0.3890625 0.0239583 0.0234375
11 0.3492188 0.2234375 0.0223958 0.0218750
8 0.6875000 0.2765625 0.0218750 0.0250000
7 0.4028646 0.4042969 0.0213542 0.0242188
6 0.4736979 0.6996094 0.0151042 0.0304687
6 0.6828125 0.5320312 0.0260417 0.0312500
7 0.7317708 0.4437500 0.0239583 0.0234375
