2 0.5973958 0.7343750 0.0687500 0.0890625
3 0.6234375 0.1667969 0.0552083 0.0945312
9 0.4604167 0.1562500 0.0458333 0.0890625
9 0.2773438 0.7601562 0.0713542 0.0687500
10 0.7018229 0.7085938 0.0744792 0.0687500
11 0.7075521 0.5410156 0.0723958 0.1117188
7 0.3611979 0.8859375 0.0505208 0.1171875
9 0.6250000 0.8343750 0.0718750 0.0703125
11 0.8273438 0.6023437 0.0755208 0.0734375
7 0.6171875 0.3445313 0.0541667 0.1062500
11 0.3872396 0.1894531 0.0692708 0.0664062
11 0.3731771 0.4371094 0.0598958 0.0867187
11 0.3557292 0.7347656 0.0510417 0.0945312
7 0.5177083 0.5324219 0.0479167 0.0820312
10 0.7000000 0.6437500 0.0739583 0.0875000
7 0.7473958 0.5445313 0.0489583 0.0734375
6 0.5765625 0.5906250 0.0718750 0.0734375
11 0.2921875 0.4832031 0.0614583 0.0773438
