3 0.7242188 0.2546875 0.0880208 0.0640625
4 0.7046875 0.2628906 0.0822917 0.0820312
4 0.3065104 0.3753906 0.0723958 0.0945312
0 0.3570313 0.5890625 0.0473958 0.0906250
0 0.2283854 0.2718750 0.0911458 0.0703125
4 0.4338542 0.4082031 0.0427083 0.1039063
4 0.4513021 0.2558594 0.0619792 0.1242188
1 0.3221354 0.2839844 0.0661458 0.1164063
2 0.6682292 0.6355469 0.0875000 0.0523438
0 0.4820313 0.6570312 0.0401042 0.1203125
2 0.3109375 0.7824219 0.0906250 0.0601563
5 0.5604167 0.0617188 0.0510417 0.1234375
1 0.3864583 0.3253906 0.0562500 0.1226562
3 0.4471354 0.6941406 0.0463542 0.0789062
3 0.4895833 0.3972656 0.0447917 0.0742188
3 0.6085938 0.7703125 0.0588542 0.0828125
3 0.6364583 0.5289063 0.0718750 0.0703125
0 0.5664062 0.1949219 0.0567708 0.1054688
1 0.3942708 0.5894531 0.0520833 0.0976562
2 0.5841146 0.7527344 0.0526042 0.0523438
4 0.5697917 0.3472656 0.0447917 0.0679687
4 0.3291667 0.3316406 0.0447917 0.0726563
4 0.5085937 0.5644531 0.0494792 0.1429688
5 0.6221354 0.6609375 0.0765625 0.0687500
4 0.7828125 0.4656250 0.0427083 0.1281250
0 0.4744792 0.3574219 0.0760417 0.0585938
5 0.2390625 0.4519531 0.0510417 0.0820312
2 0.7283854 0.2914062 0.0848958 0.0625000
4 0.5304688 0.2554688 0.0828125 0.0546875
1 0.5976562 0.2546875 0.0505208 0.0812500
2 0.6945313 0.4582031 0.0755208 0.0742188
2 0.5356771 0.2628906 0.0838542 0.0601563
4 0.7466146 0.3855469 0.0901042 0.0695313
5 0.5153646 0.4257812 0.0536458 0.0968750
0 0.4335938 0.5476562 0.0546875 0.0843750
2 0.7075521 0.8320312 0.0921875 0.0625000
5 0.3802083 0.3832031 0.0531250 0.0648438
4 0.3546875 0.3953125 0.0479167 0.1156250
4 0.4877604 0.4980469 0.0432292 0.1039063
3 0.4114583 0.4273438 0.0354167 0.1390625
4 0.6557292 0.7019531 0.0572917 0.0945312
4 0.6200521 0.8652344 0.0432292 0.1289062
5 0.6369792 0.8093750 0.0843750 0.0656250
3 0.3291667 0.3195312 0.0895833 0.0625000
1 0.6320313 0.6308594 0.0911458 0.0664062
5 0.7591146 0.4906250 0.0984375 0.0671875
4 0.7494792 0.4308594 0.0947917 0.0664062
3 0.5416667 0.0605469 0.0572917 0.1007813
2 0.6093750 0.5359375 0.0770833 0.0828125
1 0.6343750 0.2730469 0.0416667 0.1382812
1 0.5682292 0.6292969 0.0916667 0.0726563
5 0.4434896 0.5792969 0.0421875 0.0914062
2 0.6864583 0.6468750 0.0802083 0.0781250
1 0.6255208 0.1910156 0.0635417 0.1164063
4 0.6395833 0.7601562 0.0833333 0.0593750
0 0.6697917 0.3074219 0.0750000 0.1132812
4 0.2265625 0.6750000 0.0447917 0.1234375
0 0.2684896 0.3269531 0.0526042 0.1335938
1 0.6421875 0.5804687 0.0458333 0.1328125
2 0.4395833 0.3238281 0.0583333 0.1164063
1 0.2705729 0.2789063 0.0890625 0.0718750
3 0.6236979 0.7144531 0.0942708 0.0820312
4 0.6580729 0.4824219 0.0421875 0.1148437
4 0.4960938 0.6093750 0.0536458 0.1125000
4 0.4187500 0.6031250 0.0781250 0.0593750
1 0.2934896 0.3535156 0.0963542 0.0820312
0 0.2127604 0.5121094 0.0713542 0.0867187
2 0.6510417 0.7191406 0.0916667 0.0601563
2 0.7294271 0.4097656 0.0734375 0.1085938
5 0.5489583 0.5761719 0.0447917 0.1101562
5 0.3760417 0.4824219 0.0520833 0.0867187
3 0.6580729 0.6246094 0.0682292 0.0789062
4 0.4567708 0.1996094 0.0416667 0.1351563
4 0.2289063 0.6875000 0.0494792 0.1281250
2 0.6804687 0.4468750 0.0661458 0.1187500
2 0.5229167 0.4128906 0.0687500 0.0617188
8 0.2812500 0.2152344 0.0802083 0.0851563
9 0.7687500 0.4785156 0.0864583 0.0867187
11 0.6260417 0.7289062 0.0864583 0.1000000
11 0.5697917 0.5257812 0.0791667 0.1000000
8 0.3708333 0.5070313 0.0625000 0.1187500
10 0.6455729 0.1984375 0.0515625 0.1187500
10 0.6101562 0.3484375 0.0723958 0.0875000
9 0.3036458 0.0867187 0.0895833 0.0843750
11 0.7674479 0.2664063 0.0786458 0.1015625
10 0.5822917 0.8597656 0.0833333 0.0789062
9 0.2268229 0.7390625 0.0848958 0.0859375
6 0.6536458 0.7218750 0.0854167 0.0828125
9 0.2151042 0.5390625 0.0895833 0.0875000
