0 0.6666667 0.5023437 0.0270833 0.0187500
0 0.5867187 0.5738281 0.0192708 0.0367188
1 0.4645833 0.2800781 0.0187500 0.0289063
0 0.3601563 0.4578125 0.0140625 0.0406250
3 0.4216146 0.6019531 0.0255208 0.0210938
0 0.6265625 0.4339844 0.0156250 0.0289063
5 0.5546875 0.3406250 0.0187500 0.0359375
2 0.4343750 0.8929687 0.0208333 0.0312500
2 0.4299479 0.8773437 0.0286458 0.0359375
4 0.5104167 0.6269531 0.0135417 0.0351562
0 0.6398438 0.2890625 0.0140625 0.0281250
1 0.1679688 0.5835938 0.0171875 0.0203125
0 0.4372396 0.1355469 0.0151042 0.0445313
2 0.6872396 0.3164062 0.0296875 0.0203125
4 0.4648438 0.3656250 0.0244792 0.0250000
4 0.5054688 0.3375000 0.0234375 0.0203125
3 0.7476563 0.7027344 0.0223958 0.0242188
3 0.4260417 0.4847656 0.0239583 0.0210938
4 0.5710937 0.7414063 0.0203125 0.0359375
5 0.3382812 0.6386719 0.0223958 0.0445313
2 0.4815104 0.3609375 0.0328125 0.0281250
5 0.5252604 0.5046875 0.0296875 0.0218750
4 0.4736979 0.3371094 0.0223958 0.0382813
4 0.5666667 0.1929687 0.0156250 0.0296875
4 0.4401042 0.4726562 0.0135417 0.0187500
3 0.4888021 0.8250000 0.0307292 0.0203125
1 0.6638021 0.3613281 0.0286458 0.0289063
5 0.5479167 0.7027344 0.0239583 0.0226562
2 0.5763021 0.6464844 0.0203125 0.0335937
1 0.4481771 0.5175781 0.0161458 0.0445313
2 0.4807292 0.2222656 0.0177083 0.0414062
5 0.5171875 0.6328125 0.0208333 0.0218750
1 0.6158854 0.5707031 0.0161458 0.0367188
5 0.6507812 0.3609375 0.0223958 0.0359375
0 0.6033854 0.2660156 0.0296875 0.0273438
2 0.5518229 0.5253906 0.0296875 0.0335937
2 0.5632812 0.3078125 0.0328125 0.0234375
1 0.5122396 0.4441406 0.0265625 0.0273438
2 0.4083333 0.7671875 0.0156250 0.0406250
3 0.6028646 0.3714844 0.0140625 0.0414062
2 0.4117188 0.3835938 0.0234375 0.0390625
4 0.3966146 0.6781250 0.0171875 0.0343750
0 0.5119792 0.2980469 0.0239583 0.0351562
5 0.5739583 0.2257812 0.0125000 0.0203125
0 0.4799479 0.5226563 0.0171875 0.0265625
2 0.4898438 0.1488281 0.0171875 0.0382813
1 0.6031250 0.7382812 0.0156250 0.0390625
4 0.6802083 0.5066406 0.0250000 0.0242188
0 0.4575521 0.4230469 0.0255208 0.0226562
2 0.6041667 0.3640625 0.0197917 0.0421875
4 0.5239583 0.3652344 0.0197917 0.0445313
2 0.2768229 0.5128906 0.0161458 0.0289063
3 0.6557292 0.4128906 0.0239583 0.0414062
6 0.3213542 0.2746094 0.0239583 0.0289063
7 0.5460938 0.6097656 0.0255208 0.0289063
11 0.6304688 0.3027344 0.0276042 0.0289063
7 0.6361979 0.7371094 0.0255208 0.0257812
11 0.2611979 0.4773438 0.0296875 0.0390625
8 0.5635417 0.2628906 0.0197917 0.0429688
8 0.5507812 0.1718750 0.0192708 0.0421875
7 0.4760417 0.4757812 0.0197917 0.0343750
11 0.4955729 0.5816406 0.0192708 0.0398437
