3 0.5156250 0.1253906 0.0166667 0.0210938
4 0.5484375 0.4582031 0.0166667 0.0195312
2 0.6197917 0.6972656 0.0239583 0.0195312
1 0.5445313 0.3578125 0.0109375 0.0343750
5 0.3841146 0.8046875 0.0286458 0.0203125
4 0.2494792 0.2769531 0.0145833 0.0382813
2 0.6401042 0.5253906 0.0197917 0.0414062
5 0.6109375 0.4667969 0.0229167 0.0179687
0 0.2697917 0.5824219 0.0145833 0.0382813
0 0.2101562 0.4468750 0.0213542 0.0187500
1 0.5132813 0.4218750 0.0234375 0.0203125
5 0.6309896 0.7914062 0.0140625 0.0250000
2 0.5122396 0.6328125 0.0161458 0.0203125
2 0.8283854 0.5500000 0.0213542 0.0375000
5 0.6434896 0.5773438 0.0171875 0.0343750
3 0.3828125 0.2703125 0.0270833 0.0187500
1 0.6471354 0.2539062 0.0223958 0.0281250
2 0.4343750 0.5464844 0.0145833 0.0320312
3 0.6013021 0.4753906 0.0182292 0.0273438
1 0.5835938 0.0773438 0.0223958 0.0281250
1 0.5546875 0.6648437 0.0239583 0.0250000
1 0.5572917 0.8093750 0.0208333 0.0359375
4 0.5416667 0.5324219 0.0229167 0.0273438
4 0.6182292 0.4734375 0.0218750 0.0218750
3 0.4726562 0.9593750 0.0234375 0.0328125
0 0.5143229 0.4699219 0.0151042 0.0398437
2 0.5971354 0.6394531 0.0244792 0.0210938
5 0.4036458 0.4218750 0.0166667 0.0312500
0 0.6513021 0.5718750 0.0171875 0.0343750
3 0.4135417 0.6144531 0.0197917 0.0320312
2 0.6015625 0.2519531 0.0187500 0.0210938
2 0.6611979 0.5871094 0.0244792 0.0335937
3 0.6437500 0.3515625 0.0260417 0.0218750
9 0.6158854 0.0890625 0.0171875 0.0375000
10 0.5169271 0.2167969 0.0151042 0.0351562
10 0.5382813 0.0707031 0.0171875 0.0351562
8 0.6908854 0.2718750 0.0244792 0.0281250
7 0.4377604 0.6644531 0.0203125 0.0367188
11 0.3197917 0.6066406 0.0166667 0.0367188
6 0.4309896 0.2433594 0.0203125 0.0382813
9 0.4773438 0.1707031 0.0244792 0.0273438
7 0.2807292 0.3585937 0.0187500 0.0343750
6 0.5705729 0.1808594 0.0171875 0.0367188
6 0.6244792 0.3277344 0.0250000 0.0273438
8 0.3062500 0.4867187 0.0250000 0.0250000
7 0.3138021 0.4378906 0.0234375 0.0289063
