3 0.7033854 0.5988281 0.0536458 0.0429688
1 0.4619792 0.2816406 0.0479167 0.0351562
0 0.6830729 0.2453125 0.0432292 0.0578125
3 0.3302083 0.4437500 0.0322917 0.0312500
5 0.4390625 0.7433594 0.0479167 0.0335937
0 0.6710938 0.5675781 0.0286458 0.0617188
1 0.4492188 0.0226562 0.0421875 0.0453125
2 0.7080729 0.3132813 0.0276042 0.0687500
5 0.5979167 0.1644531 0.0270833 0.0367188
2 0.2664063 0.4308594 0.0473958 0.0414062
5 0.6546875 0.5207031 0.0479167 0.0289063
3 0.4885417 0.7660156 0.0406250 0.0648438
4 0.7348958 0.4859375 0.0208333 0.0593750
1 0.6296875 0.5046875 0.0468750 0.0312500
3 0.5166667 0.9042969 0.0354167 0.0617188
2 0.5291667 0.5773438 0.0437500 0.0468750
4 0.5864583 0.0707031 0.0364583 0.0710937
3 0.5958333 0.2324219 0.0520833 0.0367188
3 0.3768229 0.3781250 0.0505208 0.0437500
3 0.5539063 0.4042969 0.0515625 0.0414062
3 0.3942708 0.2804687 0.0333333 0.0531250
3 0.3416667 0.2007812 0.0395833 0.0546875
4 0.6684896 0.4343750 0.0453125 0.0343750
0 0.2601562 0.4855469 0.0286458 0.0382813
4 0.4510417 0.6046875 0.0333333 0.0781250
1 0.3526042 0.3773437 0.0208333 0.0390625
2 0.4385417 0.7765625 0.0406250 0.0546875
1 0.7078125 0.6593750 0.0510417 0.0437500
5 0.7033854 0.3804688 0.0421875 0.0625000
2 0.4919271 0.4527344 0.0307292 0.0382813
2 0.5598958 0.5523438 0.0479167 0.0359375
10 0.7265625 0.6437500 0.0458333 0.0468750
11 0.5653646 0.5324219 0.0453125 0.0445313
11 0.2716146 0.2773438 0.0484375 0.0515625
8 0.4486979 0.5707031 0.0328125 0.0539063
10 0.7328125 0.7906250 0.0312500 0.0750000
8 0.4994792 0.3589844 0.0385417 0.0554687
7 0.5260417 0.5593750 0.0489583 0.0578125
8 0.6838542 0.2062500 0.0302083 0.0718750
6 0.5807292 0.6644531 0.0458333 0.0507812
10 0.7552083 0.4664063 0.0479167 0.0500000
7 0.3255208 0.8023438 0.0489583 0.0593750
11 0.6625000 0.5378906 0.0427083 0.0429688
11 0.7296875 0.4835937 0.0385417 0.0468750
9 0.4111979 0.3839844 0.0463542 0.0476562
7 0.4023438 0.4261719 0.0328125 0.0695313
8 0.5044271 0.4683594 0.0328125 0.0710937
