1 0.3929687 0.6750000 0.0567708 0.0406250
3 0.4942708 0.7339844 0.0375000 0.0867187
3 0.6216146 0.3503906 0.0432292 0.0726563
3 0.6473958 0.2691406 0.0302083 0.0632812
2 0.5908854 0.8781250 0.0619792 0.0453125
5 0.5736979 0.2937500 0.0630208 0.0562500
0 0.5617188 0.6265625 0.0588542 0.0562500
5 0.6247396 0.3527344 0.0578125 0.0382813
5 0.4997396 0.1421875 0.0630208 0.0484375
0 0.3299479 0.8054687 0.0640625 0.0453125
1 0.6039062 0.5480469 0.0598958 0.0429688
1 0.6986979 0.2242187 0.0255208 0.0875000
4 0.6169271 0.7011719 0.0390625 0.0976562
4 0.4031250 0.7941406 0.0354167 0.0914062
0 0.5416667 0.4453125 0.0364583 0.0750000
3 0.4781250 0.4558594 0.0614583 0.0617188
1 0.4002604 0.6746094 0.0390625 0.0632812
8 0.6528646 0.5136719 0.0567708 0.0867187
7 0.2752604 0.2773438 0.0546875 0.0953125
9 0.4736979 0.3765625 0.0526042 0.0781250
11 0.6963542 0.2632813 0.0427083 0.0890625
11 0.6848958 0.3855469 0.0604167 0.0757812
11 0.6388021 0.6371094 0.0505208 0.0679687
11 0.4783854 0.4851563 0.0369792 0.0812500
8 0.4325521 0.3500000 0.0619792 0.0609375
6 0.6268229 0.5234375 0.0609375 0.0671875
11 0.6320313 0.5648437 0.0411458 0.0953125
10 0.2828125 0.4863281 0.0614583 0.0695313
8 0.2927083 0.1898438 0.0385417 0.0781250
11 0.7403646 0.3742187 0.0526042 0.0593750
8 0.5296875 0.6867188 0.0572917 0.0578125
9 0.3072917 0.2078125 0.0583333 0.0718750
9 0.6028646 0.4660156 0.0609375 0.0664062
8 0.4945312 0.3976562 0.0463542 0.0781250
6 0.5526042 0.7179688 0.0479167 0.0984375
