4 0.4468750 0.9562500 0.0635417 0.0656250
2 0.5739583 0.5363281 0.0395833 0.0601563
2 0.3963542 0.2855469 0.0385417 0.0648438
4 0.3895833 0.4234375 0.0437500 0.0609375
5 0.6481771 0.4441406 0.0494792 0.0664062
5 0.4382813 0.7601562 0.0421875 0.0968750
1 0.4208333 0.3152344 0.0656250 0.0460938
2 0.4197917 0.8179688 0.0406250 0.0656250
3 0.4789062 0.5324219 0.0484375 0.1085938
2 0.3447917 0.3089844 0.0552083 0.0679687
3 0.2723958 0.3539062 0.0739583 0.0546875
2 0.6710938 0.4003906 0.0515625 0.0617188
5 0.3630208 0.7542969 0.0625000 0.0648438
1 0.3697917 0.3261719 0.0635417 0.0429688
2 0.6291667 0.3453125 0.0385417 0.0546875
1 0.2489583 0.8281250 0.0708333 0.0531250
1 0.6395833 0.4093750 0.0562500 0.0625000
1 0.6143229 0.1046875 0.0296875 0.0421875
0 0.6109375 0.5574219 0.0552083 0.0664062
3 0.4796875 0.4121094 0.0385417 0.1101562
5 0.6346354 0.3082031 0.0536458 0.0742188
3 0.6242188 0.3562500 0.0682292 0.0437500
2 0.6070313 0.7242188 0.0609375 0.0546875
4 0.6736979 0.1628906 0.0276042 0.0757812
3 0.4565104 0.6246094 0.0703125 0.0507812
3 0.3833333 0.5949219 0.0635417 0.0492187
3 0.6908854 0.2632813 0.0734375 0.0578125
4 0.3757813 0.2640625 0.0411458 0.0812500
0 0.6338542 0.9421875 0.0500000 0.0859375
2 0.3414063 0.5410156 0.0661458 0.0429688
2 0.3997396 0.7277344 0.0651042 0.0414062
2 0.4401042 0.4914062 0.0697917 0.0578125
2 0.6661458 0.5269531 0.0697917 0.0726563
0 0.8005208 0.5484375 0.0687500 0.0546875
4 0.5984375 0.4847656 0.0614583 0.0585938
0 0.5601563 0.3847656 0.0348958 0.0960938
1 0.4757812 0.1894531 0.0588542 0.0773438
0 0.4833333 0.6636719 0.0593750 0.0757812
5 0.6184896 0.8824219 0.0630208 0.0726563
4 0.3736979 0.7214844 0.0651042 0.0695313
5 0.5020833 0.6019531 0.0385417 0.0554687
0 0.4424479 0.5859375 0.0338542 0.0593750
3 0.6955729 0.5355469 0.0692708 0.0492187
3 0.6437500 0.8042969 0.0635417 0.0367188
1 0.4424479 0.7238281 0.0432292 0.1023437
0 0.6848958 0.5546875 0.0656250 0.0718750
3 0.4343750 0.6847656 0.0312500 0.0914062
0 0.3182292 0.6582031 0.0781250 0.0554687
0 0.4559896 0.2816406 0.0411458 0.1039063
2 0.4885417 0.1277344 0.0531250 0.0929688
3 0.5049479 0.5601563 0.0630208 0.0484375
0 0.5044271 0.0917969 0.0307292 0.1007813
2 0.6630208 0.2773438 0.0666667 0.0484375
3 0.5533854 0.3953125 0.0723958 0.0437500
4 0.3369792 0.2667969 0.0604167 0.0492187
4 0.4677083 0.6847656 0.0572917 0.0539063
2 0.6093750 0.3816406 0.0520833 0.0742188
1 0.2028646 0.5269531 0.0557292 0.0601563
2 0.6604167 0.3246094 0.0666667 0.0601563
1 0.4518229 0.4542969 0.0734375 0.0632812
5 0.7369792 0.6804687 0.0677083 0.0531250
5 0.3445313 0.6859375 0.0473958 0.0906250
10 0.2859375 0.3082031 0.0666667 0.0648438
7 0.3927083 0.5167969 0.0427083 0.0648438
6 0.3106771 0.6410156 0.0640625 0.0632812
11 0.5028646 0.8531250 0.0515625 0.0921875
11 0.3705729 0.8613281 0.0432292 0.0976562
11 0.4630208 0.4707031 0.0395833 0.0835937
9 0.4093750 0.3492188 0.0583333 0.0609375
8 0.5736979 0.6695313 0.0671875 0.1000000
6 0.2664063 0.7539062 0.0619792 0.0781250
8 0.4294271 0.2058594 0.0619792 0.0632812
10 0.7674479 0.6429687 0.0598958 0.0781250
10 0.2385417 0.2054688 0.0645833 0.0625000
8 0.5901042 0.9242187 0.0666667 0.0906250
10 0.5984375 0.3855469 0.0645833 0.0648438
9 0.7197917 0.1179687 0.0656250 0.0640625
