5 0.5799479 0.6171875 0.0223958 0.0312500
4 0.5575521 0.6457031 0.0109375 0.0179687
3 0.6096354 0.3800781 0.0213542 0.0148437
0 0.5203125 0.3132813 0.0197917 0.0234375
2 0.6947917 0.5628906 0.0177083 0.0226562
2 0.6338542 0.4988281 0.0218750 0.0179687
0 0.6239583 0.4140625 0.0135417 0.0281250
3 0.5919271 0.4164062 0.0140625 0.0328125
5 0.4236979 0.6312500 0.0213542 0.0281250
4 0.5934896 0.5312500 0.0171875 0.0343750
0 0.5421875 0.3789062 0.0218750 0.0218750
5 0.5794271 0.2371094 0.0151042 0.0382813
2 0.7414063 0.6792969 0.0203125 0.0195312
4 0.6229167 0.2871094 0.0250000 0.0210938
5 0.6968750 0.5312500 0.0187500 0.0281250
1 0.3541667 0.2988281 0.0229167 0.0179687
5 0.4192708 0.7757812 0.0093750 0.0328125
3 0.4580729 0.7863281 0.0203125 0.0273438
1 0.4622396 0.4222656 0.0119792 0.0320312
3 0.7164063 0.4917969 0.0255208 0.0179687
2 0.5861979 0.5335937 0.0203125 0.0328125
5 0.6187500 0.3468750 0.0239583 0.0203125
4 0.2388021 0.6078125 0.0213542 0.0296875
0 0.6929688 0.4187500 0.0234375 0.0250000
3 0.6242188 0.3675781 0.0203125 0.0195312
0 0.5565104 0.8199219 0.0140625 0.0335937
0 0.4463542 0.7453125 0.0125000 0.0312500
3 0.5541667 0.4949219 0.0218750 0.0164063
3 0.5348958 0.7882813 0.0239583 0.0203125
2 0.6229167 0.1886719 0.0229167 0.0164063
4 0.3986979 0.5402344 0.0119792 0.0257812
2 0.5250000 0.4867187 0.0218750 0.0234375
2 0.7096354 0.4945312 0.0192708 0.0187500
4 0.6481771 0.7640625 0.0213542 0.0156250
0 0.3377604 0.7953125 0.0109375 0.0328125
5 0.6919271 0.7429687 0.0255208 0.0187500
3 0.5307292 0.7945313 0.0166667 0.0312500
5 0.6101562 0.3800781 0.0130208 0.0257812
2 0.4486979 0.6777344 0.0203125 0.0195312
2 0.3627604 0.5832031 0.0161458 0.0242188
1 0.2971354 0.5593750 0.0098958 0.0234375
2 0.6838542 0.5511719 0.0250000 0.0195312
3 0.6843750 0.8546875 0.0239583 0.0187500
3 0.5111979 0.6261719 0.0119792 0.0226562
0 0.7234375 0.4746094 0.0218750 0.0273438
4 0.5395833 0.2808594 0.0156250 0.0320312
2 0.7520833 0.4941406 0.0208333 0.0210938
4 0.5044271 0.5339844 0.0140625 0.0367188
3 0.6286458 0.8128906 0.0208333 0.0164063
6 0.3828125 0.4093750 0.0218750 0.0296875
8 0.3257813 0.5496094 0.0171875 0.0226562
