5 0.6500000 0.5781250 0.0218750 0.0171875
2 0.3940104 0.6714844 0.0255208 0.0195312
3 0.6854167 0.4964844 0.0281250 0.0195312
2 0.3127604 0.6386719 0.0130208 0.0273438
2 0.4721354 0.2410156 0.0140625 0.0351562
0 0.5638021 0.5992188 0.0151042 0.0234375
1 0.6802083 0.6304688 0.0166667 0.0265625
2 0.5854167 0.3679688 0.0281250 0.0265625
1 0.6187500 0.5402344 0.0250000 0.0164063
0 0.5072917 0.5011719 0.0270833 0.0210938
0 0.7559896 0.5562500 0.0234375 0.0171875
1 0.4268229 0.4734375 0.0265625 0.0265625
3 0.6643229 0.3402344 0.0276042 0.0164063
4 0.4820313 0.7464844 0.0119792 0.0320312
3 0.4309896 0.7617188 0.0171875 0.0359375
1 0.4557292 0.6824219 0.0229167 0.0226562
3 0.4710937 0.3343750 0.0234375 0.0187500
5 0.6307292 0.3957031 0.0250000 0.0164063
1 0.3979167 0.3011719 0.0187500 0.0179687
0 0.5664062 0.5503906 0.0130208 0.0351562
4 0.6250000 0.6476563 0.0135417 0.0312500
4 0.3486979 0.3835938 0.0203125 0.0265625
5 0.6145833 0.7125000 0.0187500 0.0265625
5 0.5122396 0.6531250 0.0161458 0.0234375
3 0.6830729 0.7335938 0.0151042 0.0343750
2 0.4388021 0.3640625 0.0192708 0.0390625
4 0.5302083 0.5406250 0.0166667 0.0203125
4 0.7385417 0.4925781 0.0177083 0.0195312
3 0.5408854 0.5414062 0.0265625 0.0203125
0 0.6328125 0.2699219 0.0135417 0.0226562
0 0.5776042 0.2886719 0.0187500 0.0351562
1 0.5809896 0.7882813 0.0140625 0.0218750
5 0.6125000 0.5230469 0.0187500 0.0289063
2 0.3669271 0.5851563 0.0171875 0.0187500
2 0.5414062 0.6203125 0.0130208 0.0390625
4 0.6408854 0.4671875 0.0223958 0.0328125
3 0.3924479 0.5750000 0.0203125 0.0218750
5 0.4307292 0.4808594 0.0187500 0.0210938
1 0.4861979 0.5621094 0.0203125 0.0226562
5 0.3046875 0.6792969 0.0135417 0.0226562
2 0.5635417 0.3429687 0.0125000 0.0375000
1 0.2950521 0.4679687 0.0255208 0.0234375
4 0.6815104 0.3816406 0.0140625 0.0179687
2 0.6559896 0.6253906 0.0223958 0.0257812
2 0.3041667 0.5675781 0.0281250 0.0210938
1 0.4109375 0.2523437 0.0135417 0.0406250
0 0.6083333 0.6425781 0.0281250 0.0226562
2 0.5143229 0.4550781 0.0151042 0.0242188
2 0.4736979 0.2949219 0.0223958 0.0195312
0 0.4664063 0.5238281 0.0119792 0.0164063
0 0.4007812 0.3925781 0.0119792 0.0273438
5 0.6255208 0.6789063 0.0260417 0.0203125
3 0.4619792 0.3042969 0.0177083 0.0210938
0 0.6781250 0.4207031 0.0229167 0.0289063
2 0.5708333 0.8824219 0.0145833 0.0257812
3 0.7005208 0.6335937 0.0260417 0.0187500
2 0.4450521 0.8269531 0.0171875 0.0273438
10 0.7729167 0.7359375 0.0270833 0.0296875
7 0.5807292 0.6644531 0.0145833 0.0257812
10 0.6359375 0.7730469 0.0166667 0.0382813
10 0.5338542 0.1691406 0.0229167 0.0242188
10 0.4184896 0.5238281 0.0276042 0.0289063
8 0.5437500 0.5937500 0.0156250 0.0265625
6 0.3986979 0.9257812 0.0213542 0.0343750
