4 0.4492188 0.3617187 0.0161458 0.0421875
4 0.3195312 0.2902344 0.0223958 0.0382813
0 0.6752604 0.3585937 0.0328125 0.0421875
1 0.6067708 0.9703125 0.0208333 0.0453125
2 0.6651042 0.5156250 0.0187500 0.0281250
4 0.5135417 0.1531250 0.0406250 0.0312500
1 0.7283854 0.5945312 0.0328125 0.0609375
5 0.6958333 0.2277344 0.0385417 0.0320312
2 0.4614583 0.5144531 0.0229167 0.0601563
1 0.4252604 0.6355469 0.0296875 0.0304687
7 0.5669271 0.2468750 0.0369792 0.0609375
10 0.7742187 0.5972656 0.0380208 0.0351562
7 0.3695312 0.6203125 0.0380208 0.0468750
7 0.4171875 0.8726563 0.0385417 0.0375000
11 0.5955729 0.6718750 0.0380208 0.0375000
10 0.4385417 0.4765625 0.0322917 0.0609375
7 0.6955729 0.7101563 0.0390625 0.0375000
10 0.6182292 0.5195312 0.0333333 0.0375000
10 0.5903646 0.3328125 0.0234375 0.0546875
11 0.6898437 0.4136719 0.0348958 0.0539063
10 0.6744792 0.1589844 0.0250000 0.0570312
9 0.4799479 0.7695312 0.0276042 0.0640625
11 0.3375000 0.6792969 0.0260417 0.0445313
10 0.4229167 0.4015625 0.0385417 0.0390625
10 0.6023437 0.8648438 0.0411458 0.0406250
6 0.2307292 0.3011719 0.0385417 0.0367188
9 0.5468750 0.4230469 0.0260417 0.0601563
