4 0.6476563 0.3425781 0.0380208 0.0304687
2 0.6486979 0.5023437 0.0317708 0.0343750
3 0.6447917 0.4660156 0.0166667 0.0492187
3 0.4841146 0.1984375 0.0192708 0.0593750
3 0.4666667 0.5082031 0.0333333 0.0429688
5 0.4268229 0.4515625 0.0182292 0.0265625
3 0.5997396 0.3304687 0.0390625 0.0296875
5 0.6346354 0.2730469 0.0171875 0.0335937
2 0.4648438 0.5710937 0.0192708 0.0515625
5 0.6854167 0.6273437 0.0156250 0.0578125
4 0.6986979 0.6328125 0.0369792 0.0250000
2 0.5226563 0.8328125 0.0338542 0.0312500
5 0.2914062 0.6222656 0.0328125 0.0460938
4 0.4562500 0.1976563 0.0197917 0.0515625
1 0.4226563 0.2691406 0.0140625 0.0304687
1 0.4502604 0.8117188 0.0223958 0.0531250
3 0.6070313 0.2074219 0.0338542 0.0257812
1 0.3296875 0.5359375 0.0364583 0.0375000
0 0.6018229 0.5503906 0.0244792 0.0304687
2 0.5731771 0.2027344 0.0348958 0.0289063
2 0.5138021 0.2730469 0.0359375 0.0320312
1 0.2546875 0.6648437 0.0270833 0.0234375
2 0.6169271 0.2894531 0.0213542 0.0507812
3 0.4911458 0.4343750 0.0250000 0.0406250
2 0.6856771 0.3242188 0.0359375 0.0296875
2 0.4554687 0.5542969 0.0223958 0.0304687
0 0.5341146 0.7191406 0.0401042 0.0257812
5 0.5307292 0.5312500 0.0343750 0.0359375
1 0.4718750 0.1960938 0.0218750 0.0437500
1 0.4809896 0.3351562 0.0328125 0.0265625
4 0.6460938 0.5542969 0.0192708 0.0304687
3 0.5231771 0.6917969 0.0213542 0.0539063
1 0.6531250 0.6574219 0.0260417 0.0304687
3 0.6533854 0.1609375 0.0359375 0.0265625
5 0.6247396 0.5195312 0.0359375 0.0281250
1 0.2135417 0.7593750 0.0312500 0.0250000
2 0.6565104 0.8351563 0.0359375 0.0265625
0 0.5546875 0.2222656 0.0166667 0.0257812
0 0.2505208 0.8011719 0.0250000 0.0210938
5 0.6510417 0.7285156 0.0375000 0.0351562
5 0.7242188 0.1812500 0.0223958 0.0546875
0 0.5799479 0.6714844 0.0192708 0.0507812
0 0.3773437 0.5746094 0.0182292 0.0523438
3 0.6929688 0.5437500 0.0255208 0.0265625
5 0.5510417 0.4402344 0.0343750 0.0398437
3 0.3260417 0.8492188 0.0187500 0.0531250
2 0.5679688 0.8113281 0.0276042 0.0476562
2 0.6403646 0.7539062 0.0171875 0.0500000
2 0.4536458 0.7164063 0.0385417 0.0281250
4 0.6286458 0.5660156 0.0343750 0.0257812
5 0.6361979 0.7136719 0.0380208 0.0351562
11 0.4109375 0.6070313 0.0312500 0.0312500
11 0.3580729 0.6496094 0.0276042 0.0539063
6 0.3994792 0.6957031 0.0250000 0.0351562
7 0.6197917 0.3457031 0.0364583 0.0445313
9 0.6117187 0.3839844 0.0307292 0.0335937
9 0.4861979 0.3148437 0.0328125 0.0343750
6 0.6356771 0.6714844 0.0317708 0.0570312
7 0.4192708 0.7343750 0.0333333 0.0500000
7 0.6736979 0.3285156 0.0348958 0.0460938
10 0.6492187 0.6957031 0.0255208 0.0523438
7 0.6453125 0.6554688 0.0312500 0.0437500
10 0.5169271 0.6613281 0.0234375 0.0523438
11 0.5252604 0.5871094 0.0286458 0.0523438
10 0.5091146 0.4808594 0.0223958 0.0476562
11 0.5867187 0.6238281 0.0213542 0.0445313
9 0.4260417 0.3886719 0.0291667 0.0414062
11 0.6666667 0.6128906 0.0270833 0.0523438
7 0.2835937 0.3835938 0.0328125 0.0328125
8 0.5742188 0.2343750 0.0359375 0.0390625
