0 0.4947917 0.7726563 0.0218750 0.0250000
4 0.4434896 0.7765625 0.0276042 0.0187500
2 0.2856771 0.3175781 0.0192708 0.0445313
3 0.3119792 0.4296875 0.0156250 0.0234375
4 0.5401042 0.2515625 0.0166667 0.0359375
2 0.5049479 0.5640625 0.0140625 0.0296875
4 0.5716146 0.1437500 0.0234375 0.0281250
3 0.4760417 0.6179687 0.0208333 0.0343750
1 0.5156250 0.1781250 0.0135417 0.0187500
3 0.4882812 0.6230469 0.0192708 0.0414062
3 0.6114583 0.2125000 0.0250000 0.0296875
1 0.5757813 0.6656250 0.0265625 0.0265625
3 0.6000000 0.8460937 0.0125000 0.0421875
4 0.3533854 0.7566406 0.0244792 0.0179687
1 0.4619792 0.2558594 0.0156250 0.0257812
4 0.4763021 0.5214844 0.0130208 0.0242188
1 0.6515625 0.4207031 0.0260417 0.0210938
3 0.4677083 0.8863281 0.0260417 0.0273438
5 0.3908854 0.5695313 0.0161458 0.0187500
0 0.5700521 0.4476562 0.0265625 0.0187500
2 0.5250000 0.5140625 0.0250000 0.0187500
3 0.3533854 0.7261719 0.0276042 0.0210938
4 0.4492188 0.7148438 0.0296875 0.0296875
1 0.3742187 0.4230469 0.0276042 0.0242188
4 0.5953125 0.0632812 0.0114583 0.0390625
9 0.3973958 0.4207031 0.0239583 0.0335937
11 0.5091146 0.1734375 0.0223958 0.0250000
10 0.4541667 0.2863281 0.0166667 0.0304687
7 0.4247396 0.4769531 0.0255208 0.0242188
6 0.3783854 0.4500000 0.0255208 0.0296875
10 0.3346354 0.7480469 0.0171875 0.0242188
6 0.7085938 0.5941406 0.0171875 0.0242188
7 0.3476562 0.4371094 0.0223958 0.0257812
10 0.5414062 0.3960938 0.0234375 0.0375000
7 0.6208333 0.5945312 0.0166667 0.0281250
9 0.4104167 0.6191406 0.0250000 0.0320312
