4 0.6375000 0.4023438 0.1145833 0.1546875
2 0.6364583 0.3164062 0.1239583 0.0875000
5 0.6127604 0.2125000 0.0713542 0.1031250
3 0.5575521 0.2488281 0.0994792 0.1304687
5 0.7510417 0.4371094 0.1208333 0.1148437
1 0.4468750 0.4960938 0.0729167 0.1328125
1 0.6283854 0.6699219 0.0744792 0.0835937
1 0.7197917 0.2753906 0.1031250 0.0992187
5 0.5703125 0.5757813 0.0906250 0.1000000
0 0.4479167 0.4265625 0.0645833 0.1531250
3 0.7190104 0.2335937 0.1390625 0.1062500
3 0.5544271 0.1855469 0.0661458 0.1726563
0 0.5442708 0.5109375 0.1322917 0.0828125
4 0.5796875 0.9597656 0.0916667 0.0789062
3 0.6375000 0.2105469 0.0843750 0.1742188
1 0.5388021 0.7082031 0.0807292 0.1789062
5 0.3536458 0.5750000 0.0916667 0.1765625
0 0.6921875 0.3910156 0.1072917 0.1523438
3 0.6950521 0.7539062 0.1234375 0.0906250
2 0.6770833 0.5398437 0.1020833 0.1093750
5 0.6182292 0.6019531 0.1260417 0.0898438
2 0.7606771 0.5121094 0.1244792 0.0867187
1 0.4317708 0.5503906 0.1166667 0.0867187
2 0.2747396 0.3664062 0.1328125 0.0890625
1 0.7531250 0.6902344 0.1270833 0.0804688
1 0.6166667 0.3410156 0.1156250 0.0757812
1 0.6666667 0.5332031 0.0635417 0.1429688
3 0.3257813 0.3847656 0.1255208 0.0820312
3 0.6799479 0.6960937 0.0588542 0.0921875
4 0.2708333 0.2957031 0.0479167 0.0773438
3 0.4255208 0.8847656 0.1333333 0.1304687
5 0.6283854 0.8234375 0.1296875 0.1015625
0 0.3789062 0.6234375 0.0755208 0.1140625
1 0.7169271 0.3925781 0.1119792 0.1257813
4 0.6179687 0.1945312 0.1380208 0.1046875
5 0.5651042 0.8492188 0.0947917 0.1984375
2 0.5317708 0.3242188 0.1239583 0.0937500
0 0.5416667 0.8074219 0.0968750 0.1132812
2 0.5367188 0.7449219 0.1276042 0.0898438
3 0.2578125 0.5582031 0.1072917 0.1148437
0 0.3716146 0.7933594 0.0963542 0.0820312
5 0.6583333 0.4054687 0.1208333 0.1015625
5 0.4567708 0.4617188 0.1104167 0.1031250
1 0.6489583 0.5257812 0.0864583 0.1140625
1 0.5216146 0.6808594 0.1026042 0.1289062
1 0.4945312 0.5722656 0.0692708 0.1304687
4 0.7161458 0.6828125 0.0895833 0.0953125
2 0.4416667 0.2699219 0.0635417 0.1210938
5 0.6841146 0.3222656 0.1265625 0.1492188
4 0.4216146 0.7238281 0.1203125 0.0851563
3 0.6320313 0.6601562 0.1223958 0.0703125
1 0.3973958 0.7027344 0.0854167 0.1914062
2 0.4723958 0.3078125 0.1114583 0.0750000
5 0.5429688 0.1496094 0.1109375 0.1179687
1 0.4875000 0.1179687 0.0802083 0.1750000
1 0.5471354 0.9257812 0.0953125 0.1468750
3 0.5093750 0.5351562 0.0687500 0.1843750
0 0.4802083 0.7320313 0.1145833 0.1234375
6 0.3190104 0.2183594 0.0848958 0.1726563
7 0.7013021 0.3230469 0.0848958 0.1929687
9 0.4763021 0.3691406 0.0869792 0.1242188
11 0.2559896 0.4507813 0.1255208 0.1312500
6 0.6726562 0.2855469 0.1182292 0.1273438
9 0.4408854 0.2242187 0.1036458 0.1625000
11 0.6723958 0.6253906 0.0947917 0.1195313
8 0.5942708 0.2351563 0.0843750 0.1578125
11 0.3791667 0.5679688 0.1166667 0.1562500
9 0.4815104 0.7207031 0.0786458 0.1585938
9 0.6434896 0.6375000 0.1119792 0.1078125
6 0.7908854 0.8046875 0.1140625 0.1140625
8 0.6179687 0.8082031 0.1078125 0.1164063
