1 0.5226563 0.7617188 0.0515625 0.0406250
1 0.5817708 0.4531250 0.0375000 0.0562500
1 0.8041667 0.4593750 0.0468750 0.0406250
1 0.6973958 0.4859375 0.0281250 0.0484375
2 0.5781250 0.7410156 0.0458333 0.0445313
1 0.7585937 0.2617188 0.0296875 0.0500000
1 0.6656250 0.4976563 0.0541667 0.0453125
0 0.5885417 0.7492188 0.0562500 0.0390625
5 0.3841146 0.2535156 0.0411458 0.0289063
0 0.2757812 0.4273438 0.0244792 0.0687500
4 0.3557292 0.5308594 0.0447917 0.0445313
3 0.6835938 0.4339844 0.0567708 0.0476562
5 0.5911458 0.7773438 0.0489583 0.0437500
0 0.5190104 0.6093750 0.0526042 0.0343750
3 0.5747396 0.6664062 0.0473958 0.0296875
3 0.6447917 0.2890625 0.0500000 0.0359375
4 0.3479167 0.1050781 0.0510417 0.0335937
4 0.7492188 0.7109375 0.0536458 0.0406250
1 0.5135417 0.3113281 0.0500000 0.0367188
0 0.5005208 0.6746094 0.0364583 0.0445313
3 0.6945313 0.6882812 0.0505208 0.0437500
2 0.7117187 0.5585938 0.0348958 0.0687500
1 0.7789063 0.3183594 0.0536458 0.0414062
5 0.5625000 0.6433594 0.0354167 0.0664062
3 0.3593750 0.3121094 0.0552083 0.0367188
4 0.5661458 0.6851563 0.0302083 0.0375000
0 0.6177083 0.5980469 0.0458333 0.0289063
0 0.6067708 0.8957031 0.0489583 0.0320312
0 0.6817708 0.5785156 0.0270833 0.0710937
4 0.5739583 0.8777344 0.0302083 0.0726563
5 0.3294271 0.8316406 0.0255208 0.0367188
0 0.5632812 0.6300781 0.0494792 0.0445313
4 0.4203125 0.3484375 0.0395833 0.0359375
5 0.4989583 0.3015625 0.0427083 0.0734375
2 0.4059896 0.3828125 0.0296875 0.0375000
5 0.6174479 0.5046875 0.0432292 0.0421875
4 0.4208333 0.6785156 0.0281250 0.0742188
3 0.7145833 0.5667969 0.0395833 0.0460938
0 0.4434896 0.2296875 0.0515625 0.0453125
2 0.4666667 0.5179687 0.0302083 0.0562500
2 0.5880208 0.9070312 0.0302083 0.0671875
4 0.4984375 0.4468750 0.0281250 0.0437500
0 0.5130208 0.8546875 0.0395833 0.0531250
1 0.4476562 0.7484375 0.0453125 0.0515625
5 0.4911458 0.7121094 0.0250000 0.0554687
3 0.6174479 0.4312500 0.0421875 0.0546875
0 0.3893229 0.5769531 0.0494792 0.0367188
2 0.6190104 0.5726562 0.0317708 0.0687500
4 0.6656250 0.8300781 0.0333333 0.0429688
4 0.5750000 0.7902344 0.0302083 0.0492187
1 0.5804687 0.3460937 0.0369792 0.0375000
0 0.5226563 0.6921875 0.0265625 0.0796875
0 0.5684896 0.7031250 0.0338542 0.0796875
0 0.5195312 0.7968750 0.0546875 0.0406250
3 0.5309896 0.6625000 0.0505208 0.0375000
3 0.4765625 0.5140625 0.0427083 0.0406250
0 0.4976563 0.3910156 0.0286458 0.0726563
5 0.6812500 0.3265625 0.0250000 0.0343750
3 0.4010417 0.2039063 0.0375000 0.0578125
5 0.3169271 0.7484375 0.0463542 0.0578125
2 0.4208333 0.8437500 0.0458333 0.0359375
2 0.4406250 0.7128906 0.0427083 0.0648438
2 0.4007812 0.1332031 0.0338542 0.0664062
5 0.3463542 0.7527344 0.0479167 0.0289063
3 0.5429688 0.6289062 0.0505208 0.0500000
4 0.4000000 0.7902344 0.0416667 0.0460938
4 0.5419271 0.6050781 0.0296875 0.0351562
3 0.5942708 0.6519531 0.0531250 0.0414062
3 0.5205729 0.2582031 0.0255208 0.0710937
8 0.3799479 0.6992188 0.0359375 0.0453125
8 0.5656250 0.5367188 0.0479167 0.0468750
6 0.3213542 0.5449219 0.0447917 0.0523438
6 0.6968750 0.6742187 0.0416667 0.0687500
6 0.4158854 0.3632812 0.0411458 0.0593750
6 0.6072917 0.8972656 0.0322917 0.0710937
