2 0.5132813 0.5503906 0.0182292 0.0148437
4 0.7835937 0.7019531 0.0140625 0.0320312
1 0.6635417 0.3613281 0.0239583 0.0148437
5 0.6455729 0.5394531 0.0255208 0.0195312
0 0.2955729 0.6324219 0.0223958 0.0164063
3 0.6231771 0.2968750 0.0151042 0.0375000
5 0.5916667 0.5882812 0.0229167 0.0203125
1 0.7312500 0.4027344 0.0135417 0.0226562
5 0.2994792 0.5277344 0.0260417 0.0195312
5 0.5283854 0.7011719 0.0223958 0.0148437
1 0.5059896 0.4144531 0.0119792 0.0335937
0 0.4041667 0.5253906 0.0145833 0.0179687
0 0.4046875 0.7816406 0.0197917 0.0179687
4 0.6481771 0.4359375 0.0151042 0.0218750
4 0.5169271 0.5074219 0.0213542 0.0164063
0 0.6895833 0.2250000 0.0187500 0.0203125
5 0.5359375 0.2656250 0.0239583 0.0203125
1 0.3023438 0.5460938 0.0119792 0.0203125
1 0.5963542 0.2449219 0.0125000 0.0179687
2 0.6260417 0.4542969 0.0135417 0.0351562
4 0.5244792 0.7378906 0.0260417 0.0179687
3 0.8169271 0.6503906 0.0223958 0.0210938
0 0.5023437 0.4425781 0.0213542 0.0195312
5 0.4596354 0.4601562 0.0203125 0.0171875
1 0.5322917 0.4007812 0.0125000 0.0250000
2 0.3348958 0.3804688 0.0250000 0.0203125
10 0.5768229 0.2847656 0.0140625 0.0320312
8 0.6989583 0.3644531 0.0218750 0.0257812
8 0.4815104 0.4078125 0.0182292 0.0250000
7 0.5242187 0.5609375 0.0213542 0.0312500
10 0.4093750 0.5976562 0.0166667 0.0328125
7 0.7669271 0.6910156 0.0213542 0.0210938
8 0.4531250 0.5429688 0.0239583 0.0296875
11 0.6648437 0.7125000 0.0203125 0.0250000
6 0.3950521 0.4671875 0.0244792 0.0343750
9 0.6828125 0.4113281 0.0229167 0.0273438
8 0.5611979 0.1542969 0.0161458 0.0242188
11 0.5638021 0.2875000 0.0203125 0.0250000
8 0.6651042 0.7523437 0.0197917 0.0234375
7 0.6705729 0.4113281 0.0192708 0.0210938
9 0.6518229 0.5703125 0.0244792 0.0296875
9 0.5942708 0.2277344 0.0229167 0.0226562
