4 0.5552083 0.7804688 0.0125000 0.0437500
4 0.7015625 0.3859375 0.0281250 0.0218750
0 0.5908854 0.1562500 0.0244792 0.0343750
3 0.5596354 0.4429688 0.0317708 0.0218750
3 0.2924479 0.5410156 0.0203125 0.0257812
3 0.4059896 0.9058594 0.0140625 0.0367188
5 0.3914063 0.7906250 0.0276042 0.0187500
0 0.4114583 0.7976562 0.0302083 0.0203125
3 0.4330729 0.5582031 0.0286458 0.0195312
1 0.4460938 0.3968750 0.0255208 0.0203125
4 0.7479167 0.4640625 0.0145833 0.0421875
4 0.5830729 0.3421875 0.0286458 0.0187500
4 0.5947917 0.6988281 0.0218750 0.0226562
8 0.3526042 0.3445313 0.0281250 0.0281250
8 0.4085937 0.5039062 0.0276042 0.0296875
7 0.4593750 0.1273438 0.0270833 0.0328125
6 0.5080729 0.6195312 0.0213542 0.0265625
7 0.7164063 0.1609375 0.0276042 0.0265625
10 0.4226563 0.5503906 0.0286458 0.0367188
7 0.7036458 0.6289062 0.0291667 0.0281250
7 0.2807292 0.3425781 0.0218750 0.0335937
10 0.6731771 0.7425781 0.0286458 0.0382813
6 0.3854167 0.6191406 0.0302083 0.0367188
10 0.5304688 0.6386719 0.0161458 0.0289063
9 0.5161458 0.5726562 0.0229167 0.0359375
7 0.7786458 0.6656250 0.0270833 0.0296875
