3 0.4221354 0.1757812 0.0161458 0.0312500
0 0.4059896 0.2566406 0.0255208 0.0210938
1 0.1973958 0.5781250 0.0270833 0.0312500
3 0.4494792 0.3550781 0.0166667 0.0257812
0 0.3177083 0.4960938 0.0177083 0.0375000
4 0.5406250 0.5109375 0.0177083 0.0359375
1 0.3507812 0.7042969 0.0244792 0.0414062
4 0.4638021 0.8535156 0.0192708 0.0289063
0 0.5979167 0.6425781 0.0166667 0.0226562
5 0.4815104 0.2718750 0.0213542 0.0250000
0 0.4135417 0.1625000 0.0260417 0.0234375
1 0.3239583 0.5613281 0.0260417 0.0304687
5 0.5908854 0.3632812 0.0307292 0.0218750
1 0.6164063 0.5031250 0.0286458 0.0187500
4 0.3791667 0.3582031 0.0281250 0.0210938
2 0.6703125 0.6710938 0.0187500 0.0312500
3 0.4554687 0.5882812 0.0161458 0.0375000
5 0.4908854 0.6828125 0.0161458 0.0437500
3 0.3203125 0.6812500 0.0270833 0.0265625
1 0.6205729 0.7410156 0.0223958 0.0335937
1 0.4572917 0.1898438 0.0177083 0.0453125
0 0.5125000 0.2699219 0.0291667 0.0210938
4 0.3054688 0.7726563 0.0296875 0.0250000
3 0.6583333 0.3363281 0.0291667 0.0226562
2 0.6106771 0.1976563 0.0182292 0.0500000
0 0.3911458 0.1988281 0.0177083 0.0429688
0 0.3640625 0.2285156 0.0145833 0.0414062
1 0.5341146 0.2277344 0.0161458 0.0210938
5 0.4221354 0.5312500 0.0328125 0.0250000
5 0.3669271 0.6718750 0.0151042 0.0421875
3 0.4390625 0.3582031 0.0156250 0.0429688
2 0.5901042 0.6230469 0.0302083 0.0304687
0 0.5132813 0.5507812 0.0276042 0.0187500
5 0.3950521 0.5886719 0.0161458 0.0476562
5 0.6802083 0.3488281 0.0260417 0.0320312
1 0.7463542 0.3671875 0.0156250 0.0453125
5 0.6942708 0.5242187 0.0291667 0.0250000
2 0.4619792 0.4042969 0.0270833 0.0210938
4 0.5333333 0.5265625 0.0166667 0.0484375
8 0.6471354 0.4085937 0.0213542 0.0375000
10 0.4776042 0.3585937 0.0166667 0.0390625
7 0.4177083 0.4652344 0.0218750 0.0320312
8 0.3716146 0.3695312 0.0286458 0.0281250
8 0.5875000 0.4042969 0.0250000 0.0335937
11 0.5627604 0.4648438 0.0276042 0.0281250
10 0.6575521 0.6390625 0.0265625 0.0281250
7 0.4661458 0.1492188 0.0260417 0.0343750
9 0.4973958 0.7226562 0.0250000 0.0250000
10 0.4492188 0.0527344 0.0182292 0.0445313
11 0.5893229 0.7718750 0.0265625 0.0265625
6 0.4630208 0.8253906 0.0197917 0.0445313
6 0.6281250 0.8308594 0.0281250 0.0429688
9 0.6643229 0.5335937 0.0296875 0.0375000
6 0.4666667 0.9734375 0.0260417 0.0390625
6 0.2513021 0.4371094 0.0307292 0.0289063
6 0.5734375 0.7519531 0.0218750 0.0351562
6 0.7549479 0.6050781 0.0255208 0.0414062
6 0.6731771 0.1839844 0.0223958 0.0398437
