0 0.6815104 0.7671875 0.0296875 0.0250000
0 0.5013021 0.5894531 0.0203125 0.0226562
4 0.4914062 0.9207031 0.0286458 0.0367188
2 0.2546875 0.5484375 0.0187500 0.0437500
0 0.5093750 0.6066406 0.0229167 0.0320312
3 0.5533854 0.8183594 0.0328125 0.0289063
5 0.4419271 0.7812500 0.0182292 0.0390625
11 0.6898437 0.2601562 0.0276042 0.0343750
8 0.3023438 0.4738281 0.0203125 0.0304687
6 0.5255208 0.1570313 0.0239583 0.0343750
10 0.7145833 0.4937500 0.0302083 0.0437500
11 0.3411458 0.7742187 0.0218750 0.0500000
10 0.5885417 0.4210937 0.0218750 0.0421875
8 0.5721354 0.2402344 0.0286458 0.0320312
8 0.5979167 0.4449219 0.0270833 0.0476562
8 0.5260417 0.6589844 0.0218750 0.0492187
6 0.7585937 0.4707031 0.0328125 0.0351562
