5 0.4953125 0.2222656 0.0218750 0.0398437
2 0.6044271 0.6054688 0.0453125 0.0625000
0 0.3179688 0.3992188 0.0359375 0.0531250
3 0.4723958 0.3152344 0.0281250 0.0351562
1 0.5645833 0.6152344 0.0239583 0.0507812
1 0.5197917 0.6332031 0.0427083 0.0476562
2 0.2679687 0.3191406 0.0369792 0.0523438
4 0.4005208 0.3269531 0.0427083 0.0257812
3 0.5752604 0.9156250 0.0296875 0.0468750
4 0.5171875 0.4144531 0.0437500 0.0382813
2 0.3817708 0.3289063 0.0312500 0.0500000
4 0.2989583 0.4781250 0.0229167 0.0359375
4 0.4497396 0.3628906 0.0265625 0.0570312
1 0.5104167 0.4433594 0.0218750 0.0289063
5 0.5817708 0.6671875 0.0322917 0.0468750
3 0.7283854 0.4949219 0.0380208 0.0539063
4 0.3807292 0.7109375 0.0427083 0.0453125
4 0.7520833 0.6394531 0.0364583 0.0710937
4 0.6833333 0.2800781 0.0281250 0.0679687
0 0.5257812 0.2691406 0.0276042 0.0632812
5 0.3565104 0.3300781 0.0442708 0.0398437
0 0.5416667 0.5703125 0.0458333 0.0343750
5 0.5781250 0.6523438 0.0250000 0.0421875
4 0.3468750 0.3105469 0.0208333 0.0664062
3 0.3502604 0.2652344 0.0276042 0.0476562
0 0.7757812 0.2488281 0.0276042 0.0664062
2 0.6630208 0.6593750 0.0239583 0.0328125
5 0.4440104 0.4960938 0.0307292 0.0359375
5 0.5294271 0.7925781 0.0223958 0.0304687
1 0.3820312 0.6488281 0.0338542 0.0570312
2 0.4372396 0.1035156 0.0401042 0.0507812
4 0.6861979 0.8308594 0.0494792 0.0367188
0 0.7200521 0.3660156 0.0505208 0.0273438
3 0.4401042 0.3585937 0.0489583 0.0453125
1 0.5255208 0.6964844 0.0468750 0.0320312
1 0.4557292 0.3554688 0.0239583 0.0375000
0 0.6234375 0.2281250 0.0437500 0.0453125
5 0.5713542 0.5753906 0.0489583 0.0382813
4 0.6729167 0.2792969 0.0447917 0.0351562
5 0.6666667 0.1640625 0.0416667 0.0390625
3 0.7429687 0.2203125 0.0380208 0.0312500
3 0.4648438 0.3980469 0.0255208 0.0695313
2 0.4294271 0.5300781 0.0307292 0.0492187
2 0.5244792 0.8027344 0.0427083 0.0382813
3 0.5171875 0.2324219 0.0385417 0.0429688
4 0.6856771 0.1734375 0.0453125 0.0328125
4 0.5971354 0.8808594 0.0244792 0.0539063
2 0.3315104 0.5332031 0.0244792 0.0398437
5 0.3468750 0.5660156 0.0187500 0.0429688
1 0.5390625 0.8550781 0.0447917 0.0320312
2 0.5515625 0.7214844 0.0281250 0.0304687
0 0.5645833 0.2296875 0.0468750 0.0328125
3 0.4981771 0.4195313 0.0348958 0.0343750
3 0.4726562 0.3980469 0.0307292 0.0289063
5 0.5854167 0.2871094 0.0447917 0.0335937
2 0.6869792 0.6160156 0.0270833 0.0710937
1 0.4471354 0.5925781 0.0390625 0.0585938
5 0.8067708 0.4648438 0.0364583 0.0687500
0 0.6026042 0.5218750 0.0250000 0.0515625
9 0.3536458 0.7023438 0.0427083 0.0515625
6 0.5361979 0.0667969 0.0432292 0.0570312
10 0.5450521 0.7078125 0.0432292 0.0437500
7 0.4778646 0.8078125 0.0369792 0.0656250
11 0.2945313 0.6062500 0.0463542 0.0453125
