2 0.7169271 0.4242187 0.0265625 0.0218750
4 0.5125000 0.8039063 0.0229167 0.0187500
4 0.3536458 0.5386719 0.0114583 0.0242188
0 0.5458333 0.3160156 0.0270833 0.0257812
1 0.3401042 0.5703125 0.0114583 0.0250000
3 0.7950521 0.2503906 0.0244792 0.0257812
5 0.5916667 0.5984375 0.0229167 0.0187500
3 0.5981771 0.7375000 0.0130208 0.0343750
5 0.4583333 0.2617188 0.0260417 0.0234375
2 0.6346354 0.7968750 0.0119792 0.0171875
1 0.6955729 0.4558594 0.0223958 0.0179687
4 0.6494792 0.5003906 0.0239583 0.0164063
3 0.6468750 0.6507812 0.0250000 0.0187500
3 0.6611979 0.5964844 0.0213542 0.0273438
2 0.6609375 0.7195312 0.0250000 0.0250000
0 0.3549479 0.4652344 0.0244792 0.0242188
4 0.2372396 0.7507812 0.0119792 0.0375000
0 0.7018229 0.6117187 0.0151042 0.0171875
3 0.4791667 0.3003906 0.0156250 0.0304687
1 0.5385417 0.6800781 0.0104167 0.0195312
0 0.4791667 0.4058594 0.0260417 0.0195312
0 0.4455729 0.3281250 0.0244792 0.0171875
2 0.7325521 0.6347656 0.0255208 0.0242188
0 0.3393229 0.7378906 0.0140625 0.0242188
4 0.7026042 0.5207031 0.0218750 0.0164063
4 0.6760417 0.3531250 0.0187500 0.0281250
1 0.5390625 0.3140625 0.0250000 0.0156250
2 0.6552083 0.3511719 0.0197917 0.0210938
3 0.6177083 0.2953125 0.0177083 0.0328125
3 0.5893229 0.6875000 0.0244792 0.0187500
2 0.6770833 0.6359375 0.0229167 0.0171875
5 0.5947917 0.5984375 0.0229167 0.0203125
4 0.4395833 0.5929688 0.0197917 0.0156250
5 0.5742188 0.5976562 0.0182292 0.0281250
2 0.4257812 0.6300781 0.0151042 0.0164063
3 0.4546875 0.1867187 0.0208333 0.0296875
0 0.3151042 0.2101562 0.0229167 0.0187500
5 0.5169271 0.3808594 0.0140625 0.0148437
3 0.4132812 0.1867187 0.0234375 0.0203125
3 0.2976563 0.6738281 0.0255208 0.0195312
2 0.5380208 0.2621094 0.0156250 0.0179687
0 0.5031250 0.7542969 0.0177083 0.0335937
4 0.5833333 0.2621094 0.0145833 0.0351562
0 0.3559896 0.4816406 0.0140625 0.0289063
2 0.5531250 0.4878906 0.0229167 0.0179687
3 0.3981771 0.3945312 0.0151042 0.0390625
0 0.5080729 0.3597656 0.0182292 0.0179687
4 0.5028646 0.1816406 0.0223958 0.0226562
1 0.4593750 0.8101563 0.0125000 0.0312500
2 0.6375000 0.5578125 0.0229167 0.0250000
0 0.5520833 0.3492188 0.0125000 0.0343750
0 0.5281250 0.3011719 0.0125000 0.0148437
1 0.4656250 0.3765625 0.0135417 0.0265625
1 0.6835938 0.6449219 0.0192708 0.0195312
4 0.5781250 0.6890625 0.0250000 0.0171875
5 0.3411458 0.6015625 0.0229167 0.0203125
3 0.7455729 0.4347656 0.0161458 0.0351562
0 0.3085938 0.4132812 0.0255208 0.0187500
0 0.2932292 0.6714844 0.0260417 0.0226562
4 0.5713542 0.2140625 0.0166667 0.0359375
2 0.3804688 0.1917969 0.0151042 0.0210938
1 0.6515625 0.4984375 0.0239583 0.0171875
0 0.4854167 0.6246094 0.0125000 0.0304687
7 0.4807292 0.8832031 0.0208333 0.0367188
7 0.7041667 0.6484375 0.0187500 0.0234375
8 0.6981771 0.5351562 0.0255208 0.0265625
8 0.4539063 0.0898438 0.0151042 0.0343750
6 0.6164063 0.2457031 0.0161458 0.0367188
9 0.4744792 0.2964844 0.0229167 0.0242188
6 0.5739583 0.6292969 0.0218750 0.0351562
11 0.4398437 0.2765625 0.0244792 0.0296875
11 0.5507812 0.8207031 0.0223958 0.0257812
10 0.5442708 0.4042969 0.0250000 0.0304687
6 0.6572917 0.2042969 0.0239583 0.0242188
8 0.6138021 0.2640625 0.0171875 0.0234375
6 0.6682292 0.6730469 0.0229167 0.0289063
11 0.5838542 0.6593750 0.0239583 0.0265625
11 0.6531250 0.4203125 0.0229167 0.0218750
11 0.6976562 0.1324219 0.0171875 0.0351562
7 0.2658854 0.2578125 0.0161458 0.0265625
6 0.6317708 0.3332031 0.0218750 0.0210938
10 0.3325521 0.4886719 0.0244792 0.0242188
