1 0.5786458 0.6425781 0.0812500 0.0804688
2 0.4903646 0.5453125 0.0765625 0.0609375
4 0.5880208 0.3074219 0.0750000 0.0773438
5 0.7315104 0.6519531 0.0880208 0.0726563
4 0.6153646 0.5824219 0.0807292 0.0617188
4 0.2932292 0.7750000 0.0729167 0.0578125
2 0.6390625 0.1089844 0.0739583 0.0820312
0 0.7356771 0.4707031 0.0859375 0.0742188
3 0.3760417 0.9695312 0.0625000 0.0593750
5 0.7148438 0.6738281 0.0828125 0.0648438
3 0.7747396 0.5453125 0.0526042 0.0890625
5 0.4205729 0.6710938 0.0463542 0.0656250
2 0.6872396 0.4773438 0.0421875 0.1000000
1 0.3885417 0.0804688 0.0729167 0.0890625
5 0.5864583 0.6847656 0.0822917 0.0695313
1 0.5700521 0.6968750 0.0348958 0.0812500
1 0.5752604 0.2214844 0.0661458 0.0726563
4 0.7268229 0.7289062 0.0734375 0.0890625
3 0.5380208 0.4136719 0.0479167 0.0632812
4 0.4414062 0.4199219 0.0421875 0.1335938
5 0.5815104 0.0804688 0.0380208 0.0765625
3 0.7708333 0.3523438 0.0770833 0.0609375
1 0.4486979 0.5351562 0.0807292 0.0718750
3 0.6911458 0.3140625 0.0770833 0.0484375
4 0.7343750 0.6289062 0.0864583 0.0687500
2 0.5393229 0.7964844 0.0723958 0.0617188
1 0.5218750 0.5523438 0.0604167 0.0968750
4 0.5447917 0.7824219 0.0427083 0.1164063
1 0.6263021 0.1667969 0.0848958 0.0679687
5 0.4437500 0.6957031 0.0885417 0.0632812
0 0.4192708 0.6839844 0.0520833 0.0585938
0 0.5755208 0.4335938 0.0739583 0.0656250
1 0.2130208 0.6972656 0.0666667 0.0773438
4 0.7296875 0.5531250 0.0750000 0.1062500
4 0.2585938 0.7968750 0.0734375 0.0578125
1 0.3395833 0.3433594 0.0843750 0.0742188
4 0.5591146 0.0546875 0.0588542 0.1093750
0 0.6908854 0.5511719 0.0411458 0.0976562
0 0.5625000 0.2125000 0.0781250 0.0656250
1 0.6330729 0.8207031 0.0578125 0.0554687
0 0.5854167 0.9132813 0.0395833 0.1171875
0 0.7578125 0.2722656 0.0895833 0.0554687
2 0.4971354 0.6660156 0.0359375 0.1148437
0 0.3781250 0.3203125 0.0812500 0.0781250
1 0.3151042 0.4644531 0.0854167 0.0507812
4 0.6463542 0.3324219 0.0864583 0.0539063
4 0.5515625 0.2476562 0.0562500 0.0656250
3 0.4828125 0.4179688 0.0427083 0.0937500
2 0.4908854 0.6519531 0.0609375 0.0617188
4 0.5039062 0.4230469 0.0578125 0.0742188
4 0.4466146 0.1894531 0.0859375 0.0617188
3 0.4098958 0.7699219 0.0375000 0.1164063
7 0.6872396 0.3710938 0.0713542 0.0703125
10 0.3041667 0.3886719 0.0614583 0.1164063
7 0.3531250 0.5210938 0.0583333 0.0937500
