2 0.5164062 0.5789062 0.0786458 0.1843750
2 0.3468750 0.3820312 0.0625000 0.2140625
3 0.4718750 0.6699219 0.0958333 0.1664063
0 0.6989583 0.6847656 0.0927083 0.2070312
4 0.4864583 0.2140625 0.0864583 0.1468750
4 0.4531250 0.9441406 0.1552083 0.1101562
2 0.4380208 0.6410156 0.1114583 0.0804688
0 0.7138021 0.5917969 0.1463542 0.1257813
5 0.4229167 0.7042969 0.1572917 0.1132812
3 0.6531250 0.6214844 0.1406250 0.0945312
5 0.4690104 0.8144531 0.1442708 0.0898438
3 0.7598958 0.2281250 0.1583333 0.1171875
0 0.4578125 0.8613281 0.0843750 0.1539062
3 0.4973958 0.2199219 0.0729167 0.2398437
3 0.2973958 0.4550781 0.1812500 0.1679688
3 0.3632812 0.3664062 0.0932292 0.2062500
3 0.6390625 0.2933594 0.1322917 0.1414063
2 0.6255208 0.2562500 0.1416667 0.1031250
4 0.5687500 0.3390625 0.1583333 0.0875000
2 0.6369792 0.4789062 0.0895833 0.2296875
0 0.6562500 0.9324219 0.1114583 0.1335938
4 0.6406250 0.4863281 0.1531250 0.1164063
5 0.5812500 0.2062500 0.1447917 0.1453125
4 0.3463542 0.7343750 0.1677083 0.1078125
4 0.4049479 0.9281250 0.1338542 0.1125000
1 0.5473958 0.5195312 0.0906250 0.1578125
2 0.7221354 0.4332031 0.1692708 0.1382812
4 0.4971354 0.6496094 0.0984375 0.1601562
0 0.7835937 0.6824219 0.1265625 0.1867187
0 0.7244792 0.6324219 0.0979167 0.1164063
0 0.6231771 0.6558594 0.1244792 0.1476562
5 0.4630208 0.2589844 0.1447917 0.1804688
1 0.8257813 0.4523437 0.0786458 0.2546875
2 0.7705729 0.3085938 0.1473958 0.1437500
5 0.2406250 0.3535156 0.1072917 0.2210938
0 0.3651042 0.5898438 0.1500000 0.1234375
1 0.6304688 0.7562500 0.1078125 0.2281250
5 0.3174479 0.5476562 0.1473958 0.1203125
1 0.5234375 0.6207031 0.0958333 0.1335938
3 0.6466146 0.4722656 0.0901042 0.1773437
2 0.5382813 0.3984375 0.1630208 0.1187500
1 0.5903646 0.7972656 0.1182292 0.1757812
2 0.6791667 0.8398438 0.1041667 0.2015625
0 0.7770833 0.3660156 0.1656250 0.1132812
0 0.5005208 0.1367188 0.0770833 0.1296875
2 0.7354167 0.4710937 0.1062500 0.2218750
2 0.5104167 0.9464844 0.1052083 0.1054688
0 0.8085938 0.4269531 0.1359375 0.1226562
1 0.5403646 0.4710937 0.1411458 0.1000000
5 0.5174479 0.7199219 0.0901042 0.1773437
0 0.5250000 0.2195313 0.1083333 0.1562500
5 0.6226563 0.0953125 0.1380208 0.1234375
5 0.5700521 0.7406250 0.0817708 0.1359375
2 0.6299479 0.5003906 0.1838542 0.1632812
1 0.3973958 0.5359375 0.1322917 0.1265625
0 0.7174479 0.7839844 0.1453125 0.1101562
1 0.1835938 0.8617187 0.0786458 0.2531250
3 0.6031250 0.6042969 0.1708333 0.1539062
3 0.5359375 0.1523438 0.1739583 0.1062500
5 0.4062500 0.2164062 0.1593750 0.1312500
1 0.6250000 0.6320313 0.0687500 0.1031250
2 0.5653646 0.1019531 0.0848958 0.1867187
3 0.6447917 0.7484375 0.0927083 0.2046875
4 0.6531250 0.0492187 0.0833333 0.0984375
1 0.5401042 0.6566406 0.1052083 0.1210938
6 0.4104167 0.1550781 0.1041667 0.2429688
7 0.6026042 0.1671875 0.1625000 0.2140625
6 0.6408854 0.7359375 0.0994792 0.2109375
8 0.4875000 0.2535156 0.1031250 0.1351563
6 0.3966146 0.8699219 0.1421875 0.2320312
9 0.3893229 0.2027344 0.0911458 0.2054688
11 0.6851563 0.3320312 0.1640625 0.2484375
9 0.7986979 0.7269531 0.1328125 0.1335938
11 0.2869792 0.1054688 0.0958333 0.2109375
8 0.6250000 0.5160156 0.1416667 0.1382812
10 0.7588542 0.4429688 0.1468750 0.1781250
7 0.5682292 0.9144531 0.1333333 0.1695312
9 0.2190104 0.6070313 0.1494792 0.1468750
10 0.5817708 0.4785156 0.0895833 0.1335938
11 0.4765625 0.2808594 0.0895833 0.2117188
9 0.4729167 0.1050781 0.0979167 0.2101562
