4 0.5653646 0.5632812 0.0421875 0.0687500
0 0.6692708 0.1386719 0.0312500 0.0898438
1 0.6906250 0.6937500 0.0562500 0.0468750
5 0.4997396 0.1914062 0.0348958 0.1000000
4 0.5710937 0.2574219 0.0276042 0.0882813
5 0.3932292 0.0351562 0.0322917 0.0703125
4 0.5669271 0.6878906 0.0265625 0.0554687
2 0.7645833 0.2804687 0.0677083 0.0484375
3 0.7640625 0.5417969 0.0552083 0.0523438
5 0.6861979 0.5117188 0.0630208 0.0531250
0 0.3736979 0.8230469 0.0619792 0.0445313
3 0.4080729 0.8066406 0.0380208 0.0898438
2 0.5898438 0.5093750 0.0401042 0.0765625
3 0.4453125 0.1332031 0.0437500 0.0742188
1 0.4614583 0.2921875 0.0281250 0.0718750
3 0.6338542 0.6406250 0.0552083 0.0406250
3 0.4312500 0.3515625 0.0604167 0.0421875
1 0.2786458 0.6835938 0.0447917 0.0812500
0 0.4854167 0.5648437 0.0312500 0.0515625
3 0.3697917 0.4242187 0.0583333 0.0421875
5 0.4395833 0.9093750 0.0416667 0.0609375
4 0.7799479 0.6820312 0.0609375 0.0500000
2 0.3617187 0.5605469 0.0609375 0.0398437
4 0.7609375 0.4187500 0.0677083 0.0500000
5 0.3570313 0.6187500 0.0296875 0.0562500
5 0.5408854 0.4617188 0.0296875 0.0703125
0 0.5309896 0.6347656 0.0317708 0.0460938
3 0.5307292 0.3355469 0.0427083 0.0429688
4 0.5109375 0.7937500 0.0552083 0.0671875
0 0.6429687 0.5562500 0.0609375 0.0468750
5 0.5958333 0.6308594 0.0583333 0.0382813
3 0.4877604 0.3546875 0.0515625 0.0781250
0 0.4604167 0.3695312 0.0312500 0.0750000
2 0.3500000 0.8062500 0.0291667 0.0859375
5 0.5023437 0.8261719 0.0359375 0.0914062
3 0.7447917 0.4195313 0.0656250 0.0453125
3 0.6861979 0.6781250 0.0609375 0.0500000
4 0.4606771 0.5640625 0.0276042 0.0937500
3 0.6325521 0.5125000 0.0567708 0.0609375
2 0.5593750 0.5542969 0.0583333 0.0632812
2 0.6164063 0.6863281 0.0651042 0.0539063
4 0.6976562 0.2574219 0.0421875 0.0523438
3 0.6119792 0.6062500 0.0468750 0.0750000
11 0.6093750 0.7617188 0.0375000 0.0859375
8 0.6177083 0.3769531 0.0531250 0.0710937
6 0.5072917 0.3609375 0.0406250 0.0687500
9 0.3830729 0.7375000 0.0598958 0.0609375
7 0.4463542 0.7113281 0.0552083 0.0695313
6 0.5697917 0.0839844 0.0593750 0.0570312
9 0.5445313 0.5355469 0.0484375 0.0507812
6 0.6838542 0.6425781 0.0437500 0.0820312
7 0.7054687 0.6136719 0.0567708 0.0648438
7 0.6143229 0.3199219 0.0588542 0.0601563
11 0.6265625 0.1906250 0.0541667 0.0765625
8 0.3242188 0.3988281 0.0588542 0.0664062
