5 0.5674479 0.2437500 0.0348958 0.0296875
3 0.4841146 0.8679687 0.0317708 0.0218750
2 0.4341146 0.2261719 0.0328125 0.0195312
1 0.5677083 0.3640625 0.0302083 0.0359375
1 0.3937500 0.8390625 0.0260417 0.0328125
0 0.4682292 0.2835937 0.0260417 0.0234375
5 0.4989583 0.2500000 0.0322917 0.0250000
1 0.6601562 0.5226563 0.0119792 0.0234375
0 0.4617188 0.3171875 0.0234375 0.0328125
3 0.4442708 0.7167969 0.0354167 0.0273438
0 0.5750000 0.2289063 0.0343750 0.0328125
4 0.6786458 0.2972656 0.0187500 0.0507812
1 0.5882812 0.1984375 0.0213542 0.0234375
5 0.6059896 0.1945312 0.0338542 0.0296875
5 0.6598958 0.4769531 0.0302083 0.0273438
0 0.7252604 0.5160156 0.0276042 0.0367188
2 0.5015625 0.5019531 0.0197917 0.0335937
5 0.3885417 0.5191406 0.0333333 0.0273438
5 0.5111979 0.4734375 0.0338542 0.0343750
3 0.5106771 0.3312500 0.0192708 0.0265625
3 0.7096354 0.2921875 0.0338542 0.0296875
4 0.5335937 0.3550781 0.0276042 0.0210938
3 0.4825521 0.9078125 0.0244792 0.0375000
2 0.3911458 0.7394531 0.0291667 0.0382813
0 0.4044271 0.4945312 0.0296875 0.0421875
3 0.6450521 0.6714844 0.0223958 0.0539063
2 0.5403646 0.6535156 0.0276042 0.0226562
1 0.4054687 0.4015625 0.0234375 0.0406250
5 0.5598958 0.4871094 0.0229167 0.0414062
1 0.5815104 0.3328125 0.0338542 0.0250000
1 0.5601563 0.8929687 0.0265625 0.0250000
2 0.6463542 0.8000000 0.0364583 0.0281250
3 0.3877604 0.5414062 0.0328125 0.0250000
1 0.5653646 0.5882812 0.0317708 0.0281250
5 0.5416667 0.3718750 0.0218750 0.0296875
5 0.4940104 0.4746094 0.0192708 0.0304687
4 0.6242188 0.7082031 0.0307292 0.0242188
0 0.5929688 0.7230469 0.0223958 0.0523438
1 0.4002604 0.1406250 0.0338542 0.0250000
4 0.4372396 0.2960937 0.0182292 0.0312500
2 0.3682292 0.5085937 0.0302083 0.0218750
1 0.5539063 0.3335938 0.0182292 0.0484375
5 0.4460938 0.4546875 0.0140625 0.0218750
0 0.4523437 0.7050781 0.0234375 0.0226562
4 0.6864583 0.3148437 0.0322917 0.0187500
0 0.5585938 0.6152344 0.0286458 0.0320312
4 0.5031250 0.5382813 0.0197917 0.0203125
5 0.5778646 0.3371094 0.0348958 0.0257812
2 0.5539063 0.4640625 0.0296875 0.0218750
8 0.7596354 0.6781250 0.0265625 0.0484375
9 0.6473958 0.8320312 0.0322917 0.0328125
7 0.4000000 0.6773438 0.0302083 0.0343750
7 0.6557292 0.2250000 0.0208333 0.0468750
