0 0.2843750 0.9097656 0.0250000 0.0304687
2 0.3533854 0.6546875 0.0265625 0.0453125
2 0.6671875 0.7398438 0.0208333 0.0515625
3 0.3036458 0.6406250 0.0354167 0.0343750
2 0.7307292 0.4441406 0.0177083 0.0523438
1 0.5338542 0.3179688 0.0208333 0.0328125
1 0.3348958 0.3964844 0.0364583 0.0289063
1 0.3507812 0.3945312 0.0348958 0.0296875
2 0.6986979 0.6300781 0.0130208 0.0289063
4 0.4398437 0.7105469 0.0182292 0.0523438
4 0.4385417 0.1960938 0.0250000 0.0234375
0 0.3739583 0.6687500 0.0229167 0.0265625
5 0.4007812 0.2191406 0.0317708 0.0226562
0 0.5338542 0.4480469 0.0239583 0.0398437
3 0.2880208 0.5511719 0.0166667 0.0539063
0 0.5609375 0.1929687 0.0322917 0.0218750
0 0.4221354 0.7441406 0.0338542 0.0257812
5 0.5411458 0.7687500 0.0333333 0.0281250
2 0.3346354 0.4878906 0.0203125 0.0351562
1 0.4687500 0.6410156 0.0375000 0.0289063
0 0.7182292 0.5394531 0.0312500 0.0320312
2 0.5963542 0.4031250 0.0343750 0.0281250
0 0.3580729 0.4703125 0.0380208 0.0281250
1 0.2799479 0.5218750 0.0286458 0.0375000
3 0.3611979 0.3167969 0.0369792 0.0242188
0 0.4796875 0.8375000 0.0135417 0.0281250
1 0.5205729 0.3675781 0.0213542 0.0460938
3 0.6927083 0.4617188 0.0322917 0.0265625
2 0.3020833 0.6011719 0.0333333 0.0242188
4 0.4888021 0.7097656 0.0338542 0.0257812
2 0.6778646 0.4992187 0.0161458 0.0484375
2 0.3833333 0.4269531 0.0291667 0.0320312
4 0.5682292 0.3960938 0.0177083 0.0296875
1 0.4684896 0.4093750 0.0265625 0.0218750
5 0.5682292 0.6191406 0.0218750 0.0382813
2 0.6481771 0.4375000 0.0296875 0.0281250
1 0.3218750 0.8148437 0.0166667 0.0500000
1 0.4736979 0.7320313 0.0182292 0.0531250
1 0.3763021 0.6476563 0.0338542 0.0343750
1 0.5661458 0.3328125 0.0322917 0.0234375
2 0.2822917 0.6292969 0.0354167 0.0257812
5 0.5083333 0.2132813 0.0312500 0.0218750
4 0.3768229 0.4394531 0.0161458 0.0460938
1 0.2989583 0.4187500 0.0218750 0.0453125
0 0.4880208 0.6039062 0.0229167 0.0265625
2 0.4914062 0.8808594 0.0223958 0.0242188
0 0.2367188 0.5195312 0.0203125 0.0234375
1 0.4065104 0.7863281 0.0276042 0.0382813
2 0.7502604 0.3328125 0.0192708 0.0265625
3 0.5351562 0.6250000 0.0328125 0.0234375
5 0.5778646 0.5378906 0.0328125 0.0289063
2 0.7197917 0.4867187 0.0250000 0.0515625
4 0.5583333 0.8507813 0.0270833 0.0281250
2 0.7091146 0.6425781 0.0317708 0.0304687
4 0.5406250 0.5531250 0.0302083 0.0312500
1 0.4179688 0.2746094 0.0171875 0.0289063
4 0.6770833 0.4359375 0.0177083 0.0265625
4 0.4132812 0.4632812 0.0296875 0.0343750
1 0.3257813 0.2402344 0.0276042 0.0273438
4 0.6679688 0.5207031 0.0234375 0.0273438
1 0.4213542 0.3726563 0.0333333 0.0312500
1 0.6557292 0.2687500 0.0322917 0.0343750
4 0.5942708 0.5343750 0.0156250 0.0250000
0 0.4716146 0.3152344 0.0151042 0.0289063
3 0.6169271 0.3148437 0.0338542 0.0234375
0 0.5044271 0.7882813 0.0161458 0.0296875
2 0.5072917 0.7398438 0.0218750 0.0390625
3 0.4859375 0.3539062 0.0239583 0.0437500
4 0.1778646 0.3472656 0.0223958 0.0445313
2 0.4455729 0.2230469 0.0286458 0.0257812
1 0.3955729 0.3503906 0.0307292 0.0382813
0 0.5309896 0.7050781 0.0296875 0.0320312
1 0.3567708 0.3269531 0.0177083 0.0429688
2 0.2757812 0.4644531 0.0244792 0.0429688
11 0.5968750 0.4222656 0.0291667 0.0351562
11 0.4250000 0.4968750 0.0239583 0.0390625
9 0.4419271 0.7480469 0.0203125 0.0476562
9 0.3549479 0.5222656 0.0296875 0.0320312
8 0.6945313 0.4628906 0.0234375 0.0351562
11 0.4666667 0.4601562 0.0208333 0.0375000
8 0.4059896 0.4886719 0.0338542 0.0398437
6 0.4554687 0.3726563 0.0307292 0.0328125
10 0.6604167 0.5628906 0.0322917 0.0460938
8 0.5799479 0.7957031 0.0276042 0.0304687
7 0.5544271 0.3253906 0.0276042 0.0429688
10 0.6028646 0.7250000 0.0192708 0.0281250
11 0.5661458 0.5207031 0.0322917 0.0429688
