1 0.4166667 0.4292969 0.0229167 0.0195312
5 0.4783854 0.7363281 0.0192708 0.0367188
5 0.5708333 0.4218750 0.0291667 0.0171875
0 0.3104167 0.3332031 0.0260417 0.0195312
2 0.5421875 0.1382812 0.0145833 0.0421875
3 0.5304688 0.2101562 0.0296875 0.0203125
0 0.6635417 0.5886719 0.0229167 0.0351562
0 0.6580729 0.2562500 0.0234375 0.0218750
2 0.6929688 0.3953125 0.0151042 0.0421875
5 0.6208333 0.6609375 0.0135417 0.0421875
3 0.5632812 0.5722656 0.0265625 0.0179687
0 0.4677083 0.6835938 0.0145833 0.0437500
2 0.2828125 0.5578125 0.0135417 0.0406250
5 0.7049479 0.3386719 0.0130208 0.0195312
4 0.4611979 0.5265625 0.0276042 0.0187500
4 0.5869792 0.2625000 0.0145833 0.0234375
2 0.5489583 0.2347656 0.0260417 0.0242188
2 0.3882813 0.4378906 0.0286458 0.0210938
4 0.6393229 0.3042969 0.0286458 0.0164063
0 0.5502604 0.0949219 0.0244792 0.0335937
1 0.5062500 0.1394531 0.0218750 0.0226562
4 0.2239583 0.5300781 0.0197917 0.0195312
4 0.2757812 0.2339844 0.0286458 0.0273438
1 0.7721354 0.4558594 0.0140625 0.0273438
3 0.5770833 0.6820312 0.0229167 0.0281250
2 0.5518229 0.6035156 0.0161458 0.0414062
0 0.5427083 0.3273437 0.0197917 0.0375000
2 0.5958333 0.6542969 0.0270833 0.0164063
3 0.5484375 0.5558594 0.0145833 0.0351562
3 0.4197917 0.7566406 0.0135417 0.0242188
4 0.6091146 0.5292969 0.0276042 0.0257812
1 0.3182292 0.2664063 0.0156250 0.0421875
3 0.2906250 0.7546875 0.0177083 0.0234375
1 0.4669271 0.6187500 0.0130208 0.0218750
3 0.6565104 0.7207031 0.0234375 0.0179687
1 0.7734375 0.3964844 0.0260417 0.0242188
3 0.7177083 0.6984375 0.0281250 0.0187500
0 0.4453125 0.5378906 0.0291667 0.0226562
4 0.5552083 0.6855469 0.0291667 0.0226562
0 0.7421875 0.4292969 0.0281250 0.0226562
2 0.3783854 0.1148437 0.0234375 0.0187500
3 0.5429688 0.6312500 0.0140625 0.0421875
4 0.6354167 0.6804687 0.0125000 0.0343750
3 0.5984375 0.4046875 0.0302083 0.0187500
4 0.5562500 0.2675781 0.0229167 0.0242188
5 0.4682292 0.3156250 0.0229167 0.0328125
0 0.6070313 0.3949219 0.0192708 0.0242188
3 0.4247396 0.4425781 0.0223958 0.0335937
11 0.5664062 0.7789063 0.0265625 0.0343750
6 0.7182292 0.7160156 0.0260417 0.0351562
6 0.7437500 0.5300781 0.0250000 0.0320312
