1 0.2312500 0.7085938 0.0479167 0.0406250
2 0.5289063 0.2699219 0.0442708 0.0320312
5 0.3692708 0.1160156 0.0354167 0.0523438
4 0.5315104 0.4753906 0.0286458 0.0492187
2 0.5674479 0.5257812 0.0317708 0.0500000
2 0.6083333 0.7433594 0.0229167 0.0617188
4 0.7231771 0.3898437 0.0286458 0.0312500
0 0.5848958 0.4589844 0.0208333 0.0382813
5 0.5838542 0.6867188 0.0416667 0.0265625
3 0.6632813 0.5082031 0.0255208 0.0539063
4 0.2789063 0.4605469 0.0338542 0.0585938
4 0.6065104 0.1070312 0.0276042 0.0546875
5 0.5002604 0.3421875 0.0390625 0.0421875
3 0.5098958 0.5875000 0.0302083 0.0468750
1 0.6153646 0.4445312 0.0265625 0.0500000
2 0.7223958 0.3390625 0.0218750 0.0406250
2 0.4804688 0.6046875 0.0265625 0.0609375
4 0.6835938 0.5835938 0.0359375 0.0453125
1 0.5502604 0.7683594 0.0505208 0.0367188
1 0.4986979 0.3933594 0.0432292 0.0320312
5 0.6755208 0.5968750 0.0437500 0.0484375
4 0.5591146 0.3671875 0.0244792 0.0718750
0 0.4947917 0.3007812 0.0416667 0.0468750
0 0.3986979 0.3566406 0.0411458 0.0351562
1 0.4216146 0.2660156 0.0307292 0.0476562
4 0.5812500 0.1566406 0.0406250 0.0554687
4 0.5278646 0.2589844 0.0369792 0.0507812
0 0.7083333 0.3835938 0.0489583 0.0296875
1 0.5911458 0.5984375 0.0239583 0.0625000
5 0.5044271 0.4890625 0.0463542 0.0375000
1 0.3888021 0.3121094 0.0296875 0.0351562
4 0.4661458 0.5039062 0.0208333 0.0406250
1 0.5231771 0.8566406 0.0255208 0.0398437
4 0.3687500 0.5691406 0.0437500 0.0398437
0 0.5067708 0.4125000 0.0281250 0.0406250
4 0.5838542 0.2167969 0.0322917 0.0554687
3 0.5309896 0.8593750 0.0432292 0.0343750
5 0.7562500 0.6648437 0.0437500 0.0484375
2 0.7815104 0.5035156 0.0442708 0.0351562
0 0.4526042 0.5414062 0.0489583 0.0375000
5 0.2627604 0.7519531 0.0203125 0.0726563
2 0.4992187 0.7281250 0.0390625 0.0359375
0 0.5716146 0.4390625 0.0286458 0.0375000
4 0.4442708 0.4421875 0.0197917 0.0609375
9 0.5828125 0.4921875 0.0333333 0.0671875
8 0.5734375 0.4113281 0.0468750 0.0460938
6 0.2385417 0.7554688 0.0322917 0.0625000
7 0.3216146 0.8281250 0.0390625 0.0437500
9 0.4317708 0.1183594 0.0322917 0.0632812
10 0.4708333 0.5078125 0.0385417 0.0406250
7 0.3315104 0.3550781 0.0401042 0.0429688
8 0.5507812 0.3187500 0.0296875 0.0578125
6 0.6601562 0.6515625 0.0411458 0.0640625
8 0.5994792 0.3550781 0.0416667 0.0570312
11 0.4226563 0.6484375 0.0432292 0.0437500
7 0.5880208 0.7828125 0.0427083 0.0484375
6 0.7255208 0.3812500 0.0406250 0.0531250
7 0.7187500 0.4386719 0.0281250 0.0570312
