0 0.4825521 0.1691406 0.1411458 0.1257813
1 0.2692708 0.5214844 0.1500000 0.1257813
4 0.5731771 0.2500000 0.1151042 0.1234375
4 0.7664062 0.3058594 0.0651042 0.1804688
2 0.4197917 0.2292969 0.0895833 0.1539062
4 0.5299479 0.3714844 0.1442708 0.0992187
1 0.6908854 0.4589844 0.0692708 0.1539062
10 0.6020833 0.1570313 0.0916667 0.1359375
9 0.3674479 0.8160156 0.1109375 0.2195313
7 0.4192708 0.1039063 0.0895833 0.2062500
9 0.4713542 0.7257813 0.1177083 0.1687500
11 0.5541667 0.7261719 0.1250000 0.1273438
10 0.6742187 0.0890625 0.1432292 0.1359375
10 0.4580729 0.4062500 0.0984375 0.2062500
7 0.5666667 0.6164063 0.1229167 0.1234375
7 0.8083333 0.7640625 0.1437500 0.1312500
7 0.7020833 0.2656250 0.1395833 0.1343750
6 0.3755208 0.1917969 0.0916667 0.2070312
9 0.7434896 0.3863281 0.1036458 0.2070312
10 0.3716146 0.0320312 0.0796875 0.0640625
7 0.7598958 0.6191406 0.1270833 0.1226562
8 0.6942708 0.4113281 0.1333333 0.1726563
