5 0.3257813 0.8085938 0.0442708 0.0312500
3 0.6236979 0.7753906 0.0286458 0.0585938
5 0.6250000 0.5906250 0.0343750 0.0718750
5 0.6908854 0.4667969 0.0442708 0.0367188
3 0.4434896 0.2445313 0.0401042 0.0343750
0 0.5361979 0.7121094 0.0234375 0.0632812
5 0.4197917 0.3757813 0.0416667 0.0406250
0 0.5789062 0.6968750 0.0380208 0.0437500
0 0.4255208 0.5199219 0.0385417 0.0554687
0 0.6424479 0.6601562 0.0265625 0.0546875
4 0.4500000 0.3644531 0.0385417 0.0398437
5 0.7057292 0.7125000 0.0458333 0.0328125
3 0.7916667 0.3730469 0.0250000 0.0414062
4 0.6843750 0.7507812 0.0416667 0.0296875
5 0.6666667 0.3714844 0.0406250 0.0304687
1 0.5216146 0.8105469 0.0213542 0.0648438
4 0.7799479 0.6542969 0.0338542 0.0585938
2 0.4658854 0.7863281 0.0453125 0.0492187
0 0.6119792 0.6214844 0.0343750 0.0570312
0 0.3713542 0.2570312 0.0302083 0.0375000
4 0.5817708 0.5195312 0.0208333 0.0281250
0 0.6033854 0.5894531 0.0421875 0.0320312
3 0.6440104 0.2285156 0.0317708 0.0695313
5 0.6843750 0.8402344 0.0500000 0.0367188
1 0.7455729 0.3335938 0.0494792 0.0328125
4 0.3398438 0.7855469 0.0223958 0.0664062
1 0.7093750 0.2347656 0.0229167 0.0757812
4 0.6617188 0.6308594 0.0234375 0.0398437
3 0.6062500 0.3703125 0.0458333 0.0390625
1 0.6500000 0.8601562 0.0427083 0.0515625
2 0.6117187 0.7296875 0.0328125 0.0515625
2 0.3083333 0.2988281 0.0322917 0.0632812
3 0.3632812 0.2027344 0.0359375 0.0664062
4 0.4002604 0.3210938 0.0286458 0.0406250
4 0.4091146 0.4855469 0.0401042 0.0335937
3 0.7054687 0.2980469 0.0265625 0.0570312
2 0.3708333 0.4386719 0.0385417 0.0414062
3 0.2348958 0.3851562 0.0270833 0.0390625
5 0.3041667 0.6085938 0.0260417 0.0437500
0 0.3682292 0.6441406 0.0281250 0.0445313
4 0.5234375 0.6078125 0.0375000 0.0562500
3 0.7843750 0.5121094 0.0343750 0.0617188
1 0.5671875 0.5839844 0.0489583 0.0367188
5 0.2567708 0.5144531 0.0375000 0.0523438
2 0.6729167 0.4757812 0.0458333 0.0468750
0 0.6052083 0.3566406 0.0270833 0.0460938
1 0.5216146 0.8003906 0.0244792 0.0648438
1 0.8088542 0.2621094 0.0354167 0.0414062
5 0.3914063 0.6683594 0.0223958 0.0414062
4 0.3580729 0.2554688 0.0255208 0.0687500
2 0.6575521 0.5179687 0.0234375 0.0625000
2 0.3114583 0.4941406 0.0406250 0.0429688
2 0.5184896 0.2554688 0.0453125 0.0343750
5 0.7210937 0.7957031 0.0463542 0.0289063
4 0.7054687 0.2484375 0.0453125 0.0281250
3 0.4216146 0.5050781 0.0203125 0.0539063
0 0.4080729 0.6863281 0.0505208 0.0335937
2 0.4817708 0.6253906 0.0416667 0.0398437
1 0.5140625 0.5199219 0.0218750 0.0710937
4 0.5929688 0.5757813 0.0432292 0.0343750
1 0.5986979 0.3714844 0.0463542 0.0273438
5 0.4809896 0.4000000 0.0401042 0.0468750
1 0.4585938 0.1753906 0.0442708 0.0398437
0 0.6783854 0.2363281 0.0255208 0.0601563
5 0.5294271 0.4308594 0.0348958 0.0320312
5 0.6494792 0.7671875 0.0187500 0.0546875
1 0.2377604 0.5839844 0.0411458 0.0601563
5 0.6390625 0.7496094 0.0427083 0.0304687
3 0.4739583 0.2683594 0.0239583 0.0679687
3 0.5750000 0.4597656 0.0427083 0.0304687
5 0.4328125 0.4777344 0.0395833 0.0335937
3 0.6669271 0.6453125 0.0453125 0.0312500
3 0.6270833 0.5152344 0.0312500 0.0632812
0 0.7341146 0.6632813 0.0453125 0.0406250
6 0.6210938 0.7640625 0.0442708 0.0468750
10 0.4963542 0.7484375 0.0270833 0.0468750
