3 0.3169271 0.6191406 0.1223958 0.1242188
5 0.6653646 0.2015625 0.1151042 0.0859375
3 0.6958333 0.4875000 0.1260417 0.0718750
2 0.4533854 0.6226563 0.0901042 0.0812500
0 0.3000000 0.4656250 0.0614583 0.1921875
4 0.3039062 0.5070313 0.1276042 0.1062500
0 0.3119792 0.5511719 0.1125000 0.1070312
0 0.6856771 0.3410156 0.0869792 0.1632812
4 0.3744792 0.7335938 0.0760417 0.1031250
2 0.4768229 0.1464844 0.0557292 0.0757812
2 0.3875000 0.6609375 0.0479167 0.1718750
5 0.4950521 0.4179688 0.1046875 0.0781250
3 0.5906250 0.8292969 0.0739583 0.0992187
5 0.4638021 0.6656250 0.0828125 0.1687500
3 0.6575521 0.6906250 0.1057292 0.0671875
1 0.3497396 0.2738281 0.1171875 0.1164063
3 0.4708333 0.2113281 0.0729167 0.1882813
3 0.5322917 0.8597656 0.0750000 0.1742188
1 0.5278646 0.8207031 0.1203125 0.0773438
4 0.6703125 0.6152344 0.1072917 0.0882813
0 0.6497396 0.7484375 0.0880208 0.1281250
1 0.7223958 0.1523438 0.0989583 0.0906250
1 0.6283854 0.1078125 0.0901042 0.0828125
1 0.2604167 0.4054687 0.1177083 0.0875000
5 0.5427083 0.8156250 0.1145833 0.1187500
3 0.6385417 0.2878906 0.0895833 0.1507813
2 0.5838542 0.6128906 0.0718750 0.1773437
5 0.3585937 0.4535156 0.1276042 0.1179687
1 0.3312500 0.5175781 0.1166667 0.1039063
1 0.4117188 0.6093750 0.0505208 0.1234375
1 0.6752604 0.3074219 0.0796875 0.0867187
3 0.6674479 0.3003906 0.1130208 0.0804688
0 0.7408854 0.4605469 0.1192708 0.0835937
5 0.3747396 0.3902344 0.0734375 0.1273438
4 0.4442708 0.5796875 0.0760417 0.1656250
0 0.6216146 0.2078125 0.0651042 0.1390625
3 0.5007812 0.4765625 0.1088542 0.1203125
4 0.2513021 0.2351563 0.1088542 0.0796875
0 0.4440104 0.8390625 0.0703125 0.1265625
0 0.5776042 0.3910156 0.1229167 0.1132812
1 0.4742188 0.0984375 0.0630208 0.1343750
3 0.3588542 0.8101563 0.1072917 0.0828125
1 0.6924479 0.4820313 0.0515625 0.0906250
4 0.3773437 0.8753906 0.0828125 0.1601562
0 0.2492187 0.2710938 0.0942708 0.1359375
5 0.4682292 0.5535156 0.0770833 0.1023437
5 0.6507812 0.6867188 0.0984375 0.1406250
2 0.3398438 0.3941406 0.1130208 0.0867187
2 0.5395833 0.5828125 0.0885417 0.0921875
5 0.2763021 0.3566406 0.0869792 0.1804688
3 0.2578125 0.1820313 0.0760417 0.1390625
3 0.3544271 0.2238281 0.1151042 0.0898438
2 0.4742188 0.7269531 0.0536458 0.0789062
0 0.2640625 0.5750000 0.1239583 0.0953125
5 0.4403646 0.8820313 0.0859375 0.1062500
5 0.5372396 0.6765625 0.0973958 0.0796875
4 0.4989583 0.5058594 0.0927083 0.1070312
7 0.7338542 0.8015625 0.1052083 0.1046875
9 0.5736979 0.2523437 0.0911458 0.1500000
9 0.6916667 0.7746094 0.1166667 0.1148437
9 0.4859375 0.5824219 0.0885417 0.1601562
7 0.3619792 0.4812500 0.0802083 0.1234375
10 0.5588542 0.4203125 0.0958333 0.1062500
8 0.5421875 0.4265625 0.0895833 0.1031250
7 0.5627604 0.1425781 0.0963542 0.1601562
9 0.7218750 0.6332031 0.1208333 0.1289062
9 0.5869792 0.0792969 0.0833333 0.1585938
8 0.4622396 0.3714844 0.0723958 0.1648438
7 0.6054688 0.1714844 0.0734375 0.1117188
10 0.4989583 0.8656250 0.0781250 0.1015625
7 0.3492188 0.4476562 0.1078125 0.1093750
10 0.6070313 0.1269531 0.1109375 0.1976563
