1 0.2875000 0.2707031 0.0604167 0.0351562
4 0.3986979 0.3097656 0.0369792 0.0882813
0 0.5963542 0.1316406 0.0645833 0.0445313
4 0.6291667 0.4425781 0.0677083 0.0523438
0 0.3976562 0.4089844 0.0390625 0.0507812
2 0.4200521 0.4292969 0.0640625 0.0507812
3 0.3299479 0.2195313 0.0692708 0.0515625
3 0.5575521 0.6195312 0.0359375 0.0750000
3 0.6268229 0.3078125 0.0598958 0.0656250
2 0.5677083 0.4457031 0.0489583 0.0742188
3 0.4742188 0.0371094 0.0348958 0.0742188
2 0.6505208 0.3750000 0.0583333 0.0500000
5 0.6328125 0.3617187 0.0572917 0.0703125
4 0.4950521 0.0910156 0.0432292 0.0539063
2 0.6364583 0.2484375 0.0302083 0.0593750
2 0.5408854 0.7855469 0.0682292 0.0523438
2 0.6453125 0.6597656 0.0364583 0.0429688
2 0.3135417 0.1800781 0.0541667 0.0539063
5 0.4078125 0.5128906 0.0625000 0.0695313
0 0.5960937 0.3941406 0.0411458 0.0851563
3 0.4208333 0.4085937 0.0322917 0.0640625
2 0.5317708 0.8527344 0.0625000 0.0523438
1 0.3742187 0.5058594 0.0411458 0.0523438
5 0.7343750 0.5664062 0.0437500 0.0843750
5 0.2195313 0.4636719 0.0359375 0.0570312
2 0.6473958 0.1972656 0.0635417 0.0460938
1 0.4421875 0.5082031 0.0343750 0.0617188
4 0.6276042 0.5839844 0.0510417 0.0835937
1 0.5828125 0.4773438 0.0364583 0.0468750
0 0.6552083 0.3222656 0.0562500 0.0429688
1 0.7575521 0.7128906 0.0526042 0.0445313
0 0.3880208 0.7292969 0.0281250 0.0539063
0 0.6979167 0.4351563 0.0635417 0.0468750
2 0.6239583 0.8164062 0.0531250 0.0640625
4 0.6713542 0.4042969 0.0354167 0.0570312
4 0.6192708 0.6878906 0.0541667 0.0617188
3 0.7098958 0.5867187 0.0625000 0.0578125
4 0.5947917 0.8054687 0.0604167 0.0500000
3 0.4263021 0.8496094 0.0369792 0.0867187
1 0.5622396 0.4714844 0.0515625 0.0460938
5 0.5533854 0.7976562 0.0609375 0.0468750
6 0.5861979 0.8878906 0.0588542 0.0882813
6 0.3536458 0.7375000 0.0489583 0.0906250
8 0.5302083 0.0843750 0.0572917 0.0750000
11 0.5562500 0.7992187 0.0562500 0.0625000
6 0.7640625 0.3289063 0.0375000 0.0765625
11 0.4184896 0.3046875 0.0473958 0.0843750
8 0.2768229 0.7363281 0.0380208 0.0882813
9 0.3536458 0.3898437 0.0593750 0.0671875
7 0.7921875 0.3574219 0.0593750 0.0835937
7 0.4726562 0.4472656 0.0442708 0.0695313
10 0.4984375 0.1164063 0.0520833 0.0671875
6 0.5903646 0.4015625 0.0557292 0.0671875
7 0.6166667 0.7097656 0.0604167 0.0617188
8 0.6601562 0.2394531 0.0546875 0.0867187
11 0.4598958 0.6007813 0.0437500 0.0937500
9 0.4580729 0.2757812 0.0567708 0.0562500
9 0.3828125 0.6976562 0.0437500 0.0859375
11 0.5403646 0.3683594 0.0578125 0.0898438
