2 0.3601563 0.5996094 0.1765625 0.1148437
3 0.3914063 0.4914062 0.1536458 0.1093750
1 0.3192708 0.2214844 0.0947917 0.2085937
1 0.4403646 0.2890625 0.1203125 0.1531250
0 0.4851563 0.9070312 0.0609375 0.1843750
4 0.4953125 0.7414063 0.1656250 0.1781250
4 0.5080729 0.5601563 0.0765625 0.1171875
3 0.5000000 0.1535156 0.1520833 0.1226562
0 0.6671875 0.7363281 0.0781250 0.1117188
3 0.7174479 0.9566406 0.1286458 0.0851563
4 0.3697917 0.8988281 0.1135417 0.2007812
3 0.6703125 0.1425781 0.1677083 0.1242188
0 0.3145833 0.1226562 0.0916667 0.1671875
5 0.4276042 0.4109375 0.0770833 0.2109375
2 0.7773438 0.5437500 0.0776042 0.2453125
4 0.3322917 0.5371094 0.0927083 0.1164063
0 0.3320312 0.1328125 0.0973958 0.2265625
0 0.5966146 0.5476562 0.0817708 0.2296875
0 0.6424479 0.5027344 0.0578125 0.1398437
5 0.7171875 0.3328125 0.0864583 0.2265625
3 0.4466146 0.3371094 0.0869792 0.2320312
2 0.4825521 0.4125000 0.0786458 0.2265625
1 0.4072917 0.7527344 0.1687500 0.1132812
3 0.5416667 0.2148438 0.1489583 0.1031250
4 0.6401042 0.7074219 0.1135417 0.1867187
0 0.6195312 0.6285156 0.1807292 0.1476562
3 0.6385417 0.5886719 0.1020833 0.1632812
2 0.6229167 0.0921875 0.1687500 0.1281250
0 0.6276042 0.9203125 0.1666667 0.1281250
3 0.6901042 0.7664062 0.1510417 0.1140625
1 0.5244792 0.7234375 0.1031250 0.1140625
0 0.6221354 0.2601562 0.1286458 0.0984375
1 0.6145833 0.5164062 0.0656250 0.1968750
3 0.5125000 0.6761719 0.1208333 0.1335938
7 0.5739583 0.7917969 0.1166667 0.1398437
11 0.5627604 0.7398438 0.1494792 0.1468750
7 0.3731771 0.4035156 0.0921875 0.1335938
9 0.4640625 0.7070312 0.1302083 0.1953125
11 0.5250000 0.7875000 0.1416667 0.1843750
6 0.4669271 0.6664062 0.0984375 0.2406250
