3 0.6190104 0.7226562 0.0151042 0.0453125
2 0.3776042 0.3074219 0.0250000 0.0414062
3 0.5708333 0.3628906 0.0166667 0.0398437
3 0.3976562 0.8667969 0.0276042 0.0210938
3 0.5192708 0.4066406 0.0208333 0.0398437
1 0.4268229 0.7171875 0.0171875 0.0250000
2 0.4044271 0.6722656 0.0265625 0.0304687
2 0.5671875 0.5210938 0.0250000 0.0250000
1 0.4088542 0.2804687 0.0166667 0.0359375
3 0.5372396 0.5753906 0.0307292 0.0195312
4 0.6703125 0.3496094 0.0197917 0.0367188
0 0.5325521 0.3433594 0.0296875 0.0226562
3 0.7096354 0.4527344 0.0151042 0.0273438
5 0.6075521 0.4558594 0.0130208 0.0351562
4 0.6455729 0.6351562 0.0161458 0.0390625
4 0.4289062 0.5039062 0.0161458 0.0250000
4 0.4609375 0.7386719 0.0270833 0.0226562
1 0.3250000 0.3210938 0.0156250 0.0437500
0 0.5018229 0.3933594 0.0119792 0.0445313
4 0.6505208 0.5652344 0.0281250 0.0335937
5 0.3210938 0.8253906 0.0161458 0.0257812
2 0.6510417 0.4683594 0.0156250 0.0304687
4 0.5059896 0.8378906 0.0234375 0.0398437
5 0.7580729 0.3441406 0.0286458 0.0195312
4 0.1984375 0.2054688 0.0312500 0.0265625
0 0.4093750 0.5449219 0.0197917 0.0195312
0 0.5179687 0.6753906 0.0203125 0.0414062
2 0.4184896 0.7679687 0.0213542 0.0171875
5 0.2817708 0.4386719 0.0166667 0.0460938
4 0.5632812 0.5757813 0.0265625 0.0250000
5 0.4914062 0.7007813 0.0317708 0.0234375
2 0.5393229 0.7750000 0.0296875 0.0218750
5 0.4898438 0.2355469 0.0203125 0.0414062
4 0.3653646 0.5285156 0.0182292 0.0257812
3 0.5127604 0.7726563 0.0140625 0.0296875
3 0.3536458 0.8964844 0.0239583 0.0242188
4 0.6830729 0.6246094 0.0223958 0.0335937
4 0.4700521 0.3835938 0.0140625 0.0187500
5 0.4726562 0.7675781 0.0161458 0.0367188
0 0.2528646 0.1117188 0.0265625 0.0203125
9 0.4398437 0.6015625 0.0244792 0.0281250
8 0.4177083 0.1750000 0.0281250 0.0281250
6 0.6148438 0.8175781 0.0276042 0.0273438
7 0.7200521 0.4949219 0.0286458 0.0335937
6 0.4661458 0.4925781 0.0239583 0.0257812
11 0.5880208 0.1582031 0.0270833 0.0273438
11 0.7190104 0.5722656 0.0255208 0.0257812
11 0.7263021 0.6503906 0.0265625 0.0257812
11 0.3341146 0.5207031 0.0244792 0.0320312
10 0.5375000 0.7695312 0.0187500 0.0437500
8 0.4447917 0.4425781 0.0208333 0.0429688
8 0.4653646 0.2980469 0.0192708 0.0445313
8 0.3197917 0.8246094 0.0281250 0.0273438
10 0.5510417 0.6253906 0.0156250 0.0257812
6 0.3398438 0.4179688 0.0276042 0.0343750
6 0.6526042 0.6066406 0.0260417 0.0320312
10 0.3312500 0.5371094 0.0166667 0.0382813
10 0.6523438 0.7687500 0.0276042 0.0265625
6 0.5083333 0.5492187 0.0177083 0.0265625
6 0.4494792 0.7265625 0.0302083 0.0296875
