5 0.4684896 0.4042969 0.0380208 0.0335937
0 0.6044271 0.8128906 0.0203125 0.0210938
5 0.5257812 0.3765625 0.0380208 0.0312500
2 0.7065104 0.2503906 0.0359375 0.0382813
0 0.4174479 0.4664063 0.0192708 0.0500000
2 0.6114583 0.7890625 0.0281250 0.0484375
4 0.5312500 0.2988281 0.0375000 0.0273438
5 0.4783854 0.4812500 0.0328125 0.0281250
2 0.4895833 0.6722656 0.0177083 0.0242188
5 0.4424479 0.3519531 0.0255208 0.0507812
4 0.3216146 0.6816406 0.0234375 0.0320312
2 0.6861979 0.1988281 0.0317708 0.0304687
1 0.6945313 0.4773438 0.0359375 0.0359375
3 0.5526042 0.2246094 0.0250000 0.0523438
2 0.4372396 0.7628906 0.0182292 0.0429688
5 0.4132812 0.1554687 0.0244792 0.0515625
3 0.6302083 0.4476562 0.0395833 0.0250000
1 0.6833333 0.4910156 0.0197917 0.0351562
3 0.5210938 0.8816406 0.0276042 0.0273438
4 0.2924479 0.4722656 0.0338542 0.0242188
0 0.6544271 0.2898438 0.0348958 0.0250000
3 0.5479167 0.7890625 0.0145833 0.0562500
3 0.4039063 0.3558594 0.0255208 0.0445313
5 0.5531250 0.2039063 0.0312500 0.0343750
5 0.5476562 0.3992188 0.0234375 0.0531250
3 0.5122396 0.5812500 0.0213542 0.0328125
5 0.3575521 0.6839844 0.0223958 0.0289063
4 0.3921875 0.1386719 0.0208333 0.0523438
0 0.6393229 0.3605469 0.0171875 0.0460938
2 0.5343750 0.5550781 0.0333333 0.0242188
3 0.4231771 0.6878906 0.0192708 0.0289063
1 0.5393229 0.0566406 0.0182292 0.0476562
3 0.4554687 0.3136719 0.0203125 0.0257812
5 0.6911458 0.6980469 0.0395833 0.0289063
1 0.6244792 0.1679688 0.0333333 0.0406250
2 0.6356771 0.3089844 0.0369792 0.0382813
1 0.6385417 0.4179688 0.0197917 0.0390625
4 0.4427083 0.7003906 0.0291667 0.0414062
4 0.2106771 0.7105469 0.0244792 0.0335937
5 0.5799479 0.6410156 0.0213542 0.0351562
5 0.7348958 0.5246094 0.0229167 0.0539063
3 0.6721354 0.8261719 0.0265625 0.0289063
1 0.7632813 0.3648438 0.0182292 0.0343750
2 0.3721354 0.5343750 0.0182292 0.0562500
4 0.5658854 0.5210938 0.0182292 0.0421875
0 0.5463542 0.3000000 0.0354167 0.0328125
5 0.6622396 0.7222656 0.0338542 0.0210938
4 0.6442708 0.4917969 0.0343750 0.0242188
2 0.7114583 0.3457031 0.0354167 0.0304687
5 0.5177083 0.3941406 0.0385417 0.0335937
1 0.4385417 0.4859375 0.0322917 0.0250000
2 0.6966146 0.5062500 0.0328125 0.0218750
2 0.6369792 0.7289062 0.0250000 0.0328125
4 0.4638021 0.3242188 0.0338542 0.0281250
4 0.3091146 0.5804687 0.0348958 0.0250000
0 0.6299479 0.5109375 0.0401042 0.0296875
5 0.5893229 0.1972656 0.0328125 0.0210938
3 0.3463542 0.7492188 0.0364583 0.0312500
0 0.4804688 0.7863281 0.0171875 0.0507812
1 0.6596354 0.7226562 0.0338542 0.0234375
3 0.5645833 0.4113281 0.0229167 0.0320312
1 0.6458333 0.6628906 0.0354167 0.0304687
5 0.7263021 0.2875000 0.0390625 0.0265625
5 0.6278646 0.2687500 0.0213542 0.0531250
5 0.3408854 0.5750000 0.0182292 0.0328125
5 0.4893229 0.7464844 0.0213542 0.0539063
3 0.7231771 0.4648438 0.0369792 0.0265625
2 0.6052083 0.7203125 0.0333333 0.0375000
0 0.3335938 0.8039063 0.0411458 0.0265625
4 0.5255208 0.5328125 0.0395833 0.0296875
8 0.4046875 0.3734375 0.0312500 0.0312500
8 0.5539063 0.1636719 0.0213542 0.0507812
6 0.6622396 0.7378906 0.0328125 0.0320312
7 0.4710937 0.2949219 0.0328125 0.0523438
9 0.6177083 0.2515625 0.0312500 0.0343750
11 0.5062500 0.6363281 0.0333333 0.0367188
9 0.2406250 0.5972656 0.0364583 0.0367188
8 0.5408854 0.6898437 0.0317708 0.0328125
8 0.6000000 0.7058594 0.0343750 0.0429688
