1 0.5468750 0.6078125 0.0135417 0.0281250
0 0.5585938 0.6101562 0.0255208 0.0218750
5 0.2856771 0.4914062 0.0151042 0.0203125
5 0.4591146 0.5464844 0.0161458 0.0304687
2 0.7166667 0.6925781 0.0250000 0.0257812
3 0.6062500 0.3390625 0.0208333 0.0234375
1 0.5072917 0.1292969 0.0166667 0.0242188
2 0.5148438 0.7925781 0.0109375 0.0445313
2 0.5893229 0.6308594 0.0265625 0.0195312
2 0.6718750 0.7667969 0.0187500 0.0351562
2 0.6609375 0.3195312 0.0145833 0.0281250
0 0.4330729 0.6972656 0.0161458 0.0351562
1 0.4250000 0.3656250 0.0239583 0.0171875
2 0.6236979 0.2253906 0.0182292 0.0382813
3 0.7153646 0.2714844 0.0296875 0.0195312
2 0.5195312 0.7355469 0.0265625 0.0242188
5 0.6864583 0.6648437 0.0135417 0.0312500
3 0.5804687 0.5929688 0.0213542 0.0234375
4 0.6080729 0.5871094 0.0182292 0.0226562
2 0.5609375 0.1675781 0.0270833 0.0195312
4 0.6109375 0.4269531 0.0177083 0.0210938
4 0.5057292 0.6679688 0.0239583 0.0281250
0 0.4242187 0.5492187 0.0171875 0.0203125
2 0.7020833 0.5351562 0.0187500 0.0187500
2 0.6601562 0.3789062 0.0276042 0.0187500
0 0.2955729 0.4781250 0.0296875 0.0203125
5 0.4367187 0.7554688 0.0182292 0.0328125
4 0.6088542 0.5660156 0.0114583 0.0382813
5 0.7223958 0.5226563 0.0260417 0.0234375
1 0.4986979 0.3746094 0.0276042 0.0179687
2 0.5854167 0.2167969 0.0250000 0.0226562
2 0.3708333 0.3542969 0.0208333 0.0320312
5 0.2997396 0.7500000 0.0213542 0.0218750
3 0.6036458 0.5753906 0.0250000 0.0226562
2 0.4843750 0.2957031 0.0135417 0.0367188
5 0.4781250 0.4390625 0.0260417 0.0234375
4 0.3335938 0.1351563 0.0192708 0.0328125
1 0.5971354 0.6773438 0.0161458 0.0250000
5 0.6101562 0.3031250 0.0213542 0.0234375
1 0.6953125 0.7539062 0.0270833 0.0171875
1 0.4567708 0.8164062 0.0135417 0.0187500
5 0.3494792 0.5265625 0.0208333 0.0265625
4 0.7270833 0.4808594 0.0125000 0.0367188
5 0.4041667 0.5246094 0.0145833 0.0289063
5 0.6559896 0.7601562 0.0223958 0.0312500
1 0.5190104 0.3773437 0.0161458 0.0421875
2 0.6361979 0.7609375 0.0265625 0.0203125
3 0.6583333 0.3757813 0.0114583 0.0203125
5 0.6703125 0.3109375 0.0250000 0.0250000
0 0.4151042 0.4738281 0.0145833 0.0429688
1 0.3442708 0.4574219 0.0208333 0.0179687
3 0.4710937 0.2554688 0.0203125 0.0328125
5 0.5552083 0.2449219 0.0239583 0.0367188
4 0.3882813 0.4570312 0.0171875 0.0343750
1 0.5901042 0.4652344 0.0250000 0.0179687
0 0.5718750 0.1546875 0.0156250 0.0203125
3 0.4606771 0.3906250 0.0265625 0.0296875
5 0.6177083 0.2843750 0.0239583 0.0281250
0 0.5252604 0.4890625 0.0255208 0.0265625
3 0.3875000 0.7054687 0.0177083 0.0359375
5 0.3950521 0.3679688 0.0244792 0.0203125
2 0.6440104 0.6953125 0.0151042 0.0421875
1 0.3755208 0.1941406 0.0145833 0.0367188
3 0.5796875 0.5917969 0.0239583 0.0179687
5 0.4093750 0.4988281 0.0156250 0.0242188
0 0.6273437 0.5214844 0.0255208 0.0195312
2 0.4145833 0.6253906 0.0156250 0.0398437
0 0.5632812 0.4597656 0.0119792 0.0289063
7 0.6460938 0.2855469 0.0234375 0.0398437
10 0.6473958 0.4445312 0.0229167 0.0218750
8 0.6997396 0.4953125 0.0276042 0.0375000
9 0.6549479 0.6347656 0.0255208 0.0257812
