4 0.4692708 0.8210937 0.0197917 0.0578125
3 0.7026042 0.5363281 0.0343750 0.0335937
1 0.6130208 0.4625000 0.0302083 0.0265625
4 0.5619792 0.5609375 0.0333333 0.0312500
4 0.3036458 0.5531250 0.0187500 0.0343750
3 0.3617187 0.2964844 0.0244792 0.0351562
1 0.6666667 0.7929688 0.0354167 0.0296875
0 0.3963542 0.7316406 0.0333333 0.0445313
5 0.3216146 0.7988281 0.0380208 0.0273438
4 0.6591146 0.5140625 0.0140625 0.0265625
2 0.4351563 0.5250000 0.0359375 0.0296875
2 0.4541667 0.6687500 0.0375000 0.0296875
2 0.4486979 0.4468750 0.0317708 0.0250000
1 0.7182292 0.4609375 0.0218750 0.0265625
5 0.4078125 0.4703125 0.0281250 0.0375000
0 0.4484375 0.5277344 0.0406250 0.0273438
2 0.5385417 0.8593750 0.0302083 0.0375000
2 0.2619792 0.5976562 0.0208333 0.0359375
0 0.6898437 0.2726562 0.0380208 0.0312500
1 0.6716146 0.5335937 0.0317708 0.0343750
0 0.2958333 0.1976563 0.0218750 0.0562500
3 0.6276042 0.6816406 0.0218750 0.0320312
3 0.3286458 0.6304688 0.0354167 0.0296875
5 0.5559896 0.9847656 0.0307292 0.0289063
3 0.5252604 0.1117188 0.0359375 0.0250000
0 0.5028646 0.4527344 0.0276042 0.0304687
0 0.3817708 0.5082031 0.0395833 0.0335937
4 0.4312500 0.4847656 0.0218750 0.0273438
4 0.5656250 0.4144531 0.0385417 0.0210938
4 0.3773437 0.4351563 0.0213542 0.0328125
3 0.4059896 0.7234375 0.0265625 0.0328125
0 0.3460937 0.2484375 0.0328125 0.0296875
4 0.5804687 0.3652344 0.0380208 0.0335937
2 0.6380208 0.4386719 0.0197917 0.0492187
0 0.6421875 0.2976563 0.0375000 0.0265625
5 0.4526042 0.3359375 0.0260417 0.0515625
4 0.6416667 0.4566406 0.0343750 0.0320312
2 0.5528646 0.1738281 0.0255208 0.0570312
4 0.5000000 0.6015625 0.0239583 0.0468750
4 0.5377604 0.8234375 0.0286458 0.0500000
3 0.3536458 0.6148438 0.0229167 0.0328125
5 0.4057292 0.2613281 0.0187500 0.0335937
1 0.4062500 0.3757813 0.0364583 0.0250000
5 0.5546875 0.1332031 0.0333333 0.0320312
0 0.4968750 0.7671875 0.0218750 0.0343750
2 0.6205729 0.7507812 0.0369792 0.0265625
6 0.5901042 0.4546875 0.0333333 0.0328125
6 0.4018229 0.3980469 0.0265625 0.0523438
11 0.6671875 0.4835937 0.0322917 0.0390625
11 0.4117188 0.8718750 0.0390625 0.0515625
9 0.5221354 0.7589844 0.0255208 0.0554687
6 0.4947917 0.7230469 0.0333333 0.0351562
6 0.4166667 0.2324219 0.0343750 0.0367188
9 0.5278646 0.6617188 0.0286458 0.0328125
11 0.5127604 0.5906250 0.0286458 0.0453125
8 0.6750000 0.3480469 0.0239583 0.0523438
7 0.5888021 0.6675781 0.0348958 0.0414062
