5 0.4533854 0.6406250 0.0484375 0.0921875
2 0.3562500 0.4203125 0.0802083 0.0687500
0 0.5098958 0.7464844 0.0729167 0.0789062
5 0.5184896 0.3828125 0.0494792 0.0906250
1 0.6031250 0.7839844 0.0541667 0.1054688
2 0.3145833 0.5261719 0.0500000 0.1164063
1 0.5559896 0.6257812 0.0807292 0.0625000
2 0.6552083 0.2296875 0.0395833 0.0562500
3 0.6419271 0.4195313 0.0807292 0.0531250
2 0.5559896 0.7687500 0.0713542 0.0890625
5 0.6195312 0.1851562 0.0380208 0.1296875
0 0.5523438 0.4214844 0.0786458 0.0679687
3 0.6114583 0.7003906 0.0875000 0.0632812
0 0.4312500 0.8585938 0.0812500 0.0593750
5 0.6453125 0.6179687 0.0687500 0.0968750
2 0.5976562 0.6261719 0.0723958 0.0945312
5 0.3010417 0.1464844 0.0343750 0.0898438
2 0.3580729 0.6910156 0.0817708 0.0570312
2 0.3036458 0.4605469 0.0833333 0.0601563
4 0.6450521 0.5625000 0.0463542 0.0703125
5 0.4942708 0.0949219 0.0791667 0.0617188
2 0.5338542 0.5382813 0.0916667 0.0687500
0 0.6093750 0.2703125 0.0447917 0.1296875
3 0.3828125 0.7800781 0.0875000 0.0664062
0 0.2434896 0.5316406 0.0723958 0.0945312
4 0.5854167 0.5675781 0.0854167 0.0914062
4 0.5755208 0.6960937 0.0739583 0.0468750
3 0.7101563 0.7421875 0.0765625 0.0593750
1 0.6651042 0.4394531 0.0750000 0.0695313
1 0.5479167 0.4566406 0.0885417 0.0773438
1 0.6833333 0.3929687 0.0802083 0.0531250
0 0.6135417 0.9324219 0.0677083 0.1054688
3 0.5283854 0.6410156 0.0505208 0.0867187
0 0.6317708 0.3578125 0.0479167 0.0609375
1 0.5520833 0.3730469 0.0718750 0.0523438
2 0.5424479 0.6058594 0.0723958 0.0632812
0 0.3562500 0.2398437 0.0375000 0.0890625
0 0.3718750 0.7917969 0.0906250 0.0679687
5 0.6968750 0.4117188 0.0750000 0.0734375
4 0.3046875 0.4218750 0.0364583 0.0593750
3 0.6505208 0.5117188 0.0500000 0.0781250
4 0.6268229 0.5414062 0.0901042 0.0593750
0 0.5872396 0.7234375 0.0807292 0.0593750
5 0.3380208 0.7136719 0.0875000 0.0585938
5 0.6341146 0.8339844 0.0546875 0.0585938
4 0.2747396 0.7230469 0.0567708 0.0617188
1 0.6421875 0.5792969 0.0833333 0.0492187
4 0.7567708 0.5878906 0.0750000 0.1039063
2 0.5044271 0.3328125 0.0317708 0.0484375
4 0.3617187 0.2582031 0.0682292 0.0867187
5 0.7026042 0.2562500 0.0541667 0.0687500
5 0.7026042 0.7117187 0.0760417 0.0531250
5 0.3010417 0.7984375 0.0437500 0.0921875
1 0.4893229 0.5261719 0.0598958 0.0992187
2 0.5401042 0.4894531 0.0437500 0.1367188
3 0.5809896 0.5011719 0.0651042 0.0757812
5 0.4786458 0.1062500 0.0500000 0.1406250
2 0.6049479 0.8625000 0.0609375 0.0703125
4 0.6609375 0.4390625 0.0739583 0.0671875
1 0.5031250 0.2156250 0.0781250 0.0765625
2 0.6075521 0.8738281 0.0682292 0.0648438
4 0.5541667 0.2316406 0.0343750 0.1195313
1 0.4143229 0.8460937 0.0671875 0.1015625
2 0.6166667 0.3687500 0.0739583 0.0843750
5 0.3041667 0.5445313 0.0854167 0.0562500
1 0.5770833 0.1988281 0.0666667 0.0820312
2 0.4997396 0.4539063 0.0494792 0.0953125
0 0.4354167 0.8378906 0.0666667 0.1179687
11 0.5205729 0.2078125 0.0744792 0.1109375
11 0.3927083 0.4898438 0.0781250 0.0781250
7 0.5669271 0.6125000 0.0536458 0.0718750
11 0.5861979 0.1035156 0.0682292 0.0757812
10 0.4143229 0.4761719 0.0713542 0.0695313
11 0.5729167 0.4621094 0.0531250 0.1085938
9 0.4916667 0.3843750 0.0489583 0.0906250
11 0.6921875 0.5109375 0.0760417 0.1093750
9 0.2695312 0.5242187 0.0796875 0.0937500
8 0.7018229 0.3914063 0.0473958 0.1093750
9 0.4132812 0.6089844 0.0744792 0.0804688
8 0.4351563 0.0792969 0.0588542 0.0835937
10 0.6429687 0.1902344 0.0786458 0.0820312
10 0.4898438 0.2191406 0.0713542 0.0851563
8 0.3841146 0.5117188 0.0536458 0.0796875
11 0.6065104 0.6859375 0.0744792 0.0734375
10 0.5221354 0.3683594 0.0661458 0.1007813
9 0.4015625 0.1300781 0.0812500 0.0882813
8 0.7177083 0.7324219 0.0656250 0.0992187
