2 0.4598958 0.4753906 0.0468750 0.1054688
2 0.6820312 0.7519531 0.1026042 0.1179687
4 0.4872396 0.4945312 0.0911458 0.0734375
4 0.5869792 0.4898438 0.0822917 0.1375000
4 0.3427083 0.5179687 0.0468750 0.1281250
1 0.5958333 0.9203125 0.0666667 0.0734375
4 0.3786458 0.0812500 0.0531250 0.0718750
4 0.5859375 0.4214844 0.0718750 0.0851563
4 0.5317708 0.8160156 0.0979167 0.0726563
5 0.2541667 0.6640625 0.0843750 0.1312500
4 0.3916667 0.8441406 0.0635417 0.0742188
0 0.7104167 0.0355469 0.0843750 0.0710937
3 0.5947917 0.1554687 0.1072917 0.0734375
1 0.3096354 0.6195312 0.0953125 0.0750000
0 0.3778646 0.4921875 0.0932292 0.0921875
4 0.7859375 0.5292969 0.0833333 0.0789062
1 0.5843750 0.2503906 0.0781250 0.1351563
5 0.6226563 0.3144531 0.1098958 0.0664062
2 0.3632812 0.6812500 0.0963542 0.0625000
2 0.5669271 0.1738281 0.0869792 0.1226562
3 0.7052083 0.7371094 0.0843750 0.0757812
0 0.5731771 0.3132813 0.0869792 0.1359375
0 0.6916667 0.4589844 0.0927083 0.0960938
0 0.5562500 0.2589844 0.0937500 0.0789062
2 0.5325521 0.6292969 0.0755208 0.1257813
3 0.5028646 0.2582031 0.0911458 0.1289062
1 0.3752604 0.2425781 0.0973958 0.0695313
0 0.5111979 0.5898438 0.1140625 0.0843750
2 0.3729167 0.4480469 0.1052083 0.0695313
5 0.4856771 0.7476563 0.0442708 0.1500000
1 0.5317708 0.7992187 0.1062500 0.1140625
2 0.4791667 0.7847656 0.0906250 0.1070312
5 0.4976563 0.5414062 0.0921875 0.0703125
2 0.3846354 0.3628906 0.0505208 0.1164063
0 0.3960938 0.4964844 0.0526042 0.0835937
8 0.4257812 0.8906250 0.0921875 0.1328125
9 0.6057292 0.4250000 0.0968750 0.1328125
8 0.7304688 0.4226563 0.0942708 0.1046875
7 0.3802083 0.5023437 0.0864583 0.1171875
9 0.6002604 0.2101562 0.0723958 0.1156250
6 0.4890625 0.3753906 0.0614583 0.1398437
7 0.7416667 0.6332031 0.0822917 0.1398437
9 0.4531250 0.8855469 0.0843750 0.1632812
9 0.2143229 0.7933594 0.1046875 0.1023437
8 0.6614583 0.1718750 0.1000000 0.1000000
