4 0.6325521 0.8089844 0.1203125 0.0867187
4 0.4466146 0.5531250 0.0640625 0.1140625
3 0.6018229 0.2953125 0.0692708 0.1218750
3 0.4445312 0.7054687 0.0807292 0.0859375
2 0.6059896 0.8980469 0.0776042 0.0929688
0 0.6885417 0.3265625 0.0447917 0.1625000
4 0.4583333 0.9425781 0.0645833 0.1132812
1 0.4526042 0.2097656 0.0656250 0.0757812
3 0.4703125 0.7859375 0.0979167 0.1281250
1 0.2927083 0.8210937 0.1114583 0.0968750
4 0.3747396 0.4347656 0.1182292 0.1054688
4 0.4190104 0.3480469 0.0796875 0.1398437
3 0.6447917 0.5488281 0.0666667 0.0867187
1 0.6497396 0.3742187 0.0984375 0.0750000
2 0.3169271 0.4824219 0.1098958 0.0882813
4 0.6476563 0.6644531 0.1046875 0.0742188
4 0.6255208 0.0886719 0.1104167 0.1210938
1 0.2971354 0.2738281 0.0494792 0.0929688
0 0.7466146 0.4214844 0.0744792 0.1304687
2 0.7049479 0.7695312 0.1046875 0.0718750
0 0.3140625 0.3460937 0.1093750 0.0921875
3 0.4276042 0.3515625 0.0677083 0.1515625
3 0.5312500 0.0929688 0.0875000 0.1281250
3 0.5539063 0.9027344 0.0776042 0.1007813
0 0.3424479 0.4191406 0.0692708 0.1882813
0 0.4559896 0.3792969 0.1088542 0.0789062
2 0.7546875 0.2781250 0.1125000 0.1015625
4 0.5697917 0.5339844 0.1187500 0.0835937
5 0.5010417 0.2941406 0.0552083 0.1570313
0 0.4859375 0.5691406 0.0458333 0.1710937
1 0.3611979 0.7492188 0.0598958 0.1062500
5 0.1960938 0.4152344 0.0963542 0.1117188
1 0.4388021 0.2632813 0.0880208 0.0859375
1 0.4651042 0.6109375 0.0625000 0.0921875
2 0.3906250 0.9449219 0.0479167 0.1085938
3 0.6286458 0.4699219 0.1135417 0.0804688
1 0.4570312 0.1652344 0.1078125 0.0757812
1 0.4856771 0.3429687 0.0609375 0.1015625
4 0.6744792 0.3234375 0.1166667 0.0890625
5 0.5515625 0.7671875 0.0843750 0.1578125
2 0.3841146 0.4332031 0.0609375 0.1414063
4 0.3453125 0.4898438 0.0875000 0.1109375
0 0.6343750 0.2171875 0.0750000 0.1187500
2 0.4682292 0.5296875 0.0656250 0.1781250
0 0.3361979 0.4750000 0.0692708 0.0859375
1 0.3697917 0.6765625 0.0572917 0.1359375
1 0.4486979 0.2585938 0.0640625 0.1296875
2 0.4359375 0.3203125 0.0812500 0.1093750
4 0.5838542 0.8250000 0.0906250 0.1500000
2 0.2549479 0.1953125 0.0713542 0.1312500
2 0.6033854 0.5039062 0.0494792 0.1250000
0 0.3492188 0.1363281 0.1130208 0.0726563
4 0.2752604 0.5125000 0.0994792 0.1328125
5 0.6236979 0.6464844 0.1192708 0.1148437
0 0.7135417 0.3914063 0.1145833 0.0984375
7 0.5791667 0.7902344 0.1062500 0.1304687
11 0.3270833 0.6597656 0.1010417 0.0945312
7 0.3343750 0.6488281 0.1000000 0.0960938
11 0.8132812 0.3214844 0.1067708 0.1210938
7 0.5625000 0.1878906 0.1041667 0.1367188
8 0.2890625 0.6820312 0.1062500 0.1250000
7 0.2359375 0.5183594 0.0958333 0.1195313
9 0.4687500 0.3390625 0.1104167 0.1093750
8 0.7257813 0.7164063 0.0963542 0.0953125
11 0.3229167 0.2972656 0.0625000 0.1179687
6 0.4958333 0.1144531 0.0614583 0.1429688
6 0.7078125 0.6125000 0.1072917 0.0984375
6 0.2453125 0.6082031 0.1145833 0.1148437
6 0.5752604 0.3507812 0.0984375 0.1062500
11 0.5627604 0.2015625 0.0838542 0.1593750
6 0.6268229 0.5437500 0.0817708 0.1093750
11 0.5265625 0.8542969 0.0687500 0.1398437
9 0.5843750 0.6964844 0.0739583 0.1070312
