3 0.3356771 0.6605469 0.0671875 0.0367188
0 0.6122396 0.2093750 0.0640625 0.0453125
3 0.6395833 0.7304688 0.0364583 0.0750000
0 0.6783854 0.4726562 0.0526042 0.0406250
1 0.5585938 0.1109375 0.0630208 0.0531250
0 0.5005208 0.2707031 0.0458333 0.0507812
4 0.7638021 0.7417969 0.0619792 0.0507812
2 0.4247396 0.4742188 0.0411458 0.0968750
4 0.5434896 0.3335938 0.0380208 0.0890625
5 0.5867187 0.6152344 0.0328125 0.0632812
3 0.7393229 0.8273438 0.0640625 0.0437500
2 0.4067708 0.6421875 0.0427083 0.0531250
3 0.5458333 0.3660156 0.0697917 0.0539063
1 0.3755208 0.4214844 0.0416667 0.0835937
5 0.4617188 0.4363281 0.0515625 0.0507812
1 0.3830729 0.6484375 0.0255208 0.0421875
3 0.3286458 0.4488281 0.0593750 0.0492187
4 0.5984375 0.2593750 0.0364583 0.0515625
1 0.3169271 0.6871094 0.0328125 0.0898438
3 0.3372396 0.1042969 0.0421875 0.0820312
2 0.5786458 0.8472656 0.0656250 0.0460938
4 0.4872396 0.5960937 0.0682292 0.0515625
5 0.4492188 0.6015625 0.0494792 0.0484375
10 0.4583333 0.2058594 0.0541667 0.0632812
6 0.2114583 0.5859375 0.0458333 0.0890625
10 0.3226562 0.6992188 0.0588542 0.0578125
9 0.3705729 0.5820312 0.0588542 0.0593750
8 0.3221354 0.1367188 0.0401042 0.0812500
6 0.4361979 0.3390625 0.0411458 0.0906250
9 0.5890625 0.5816406 0.0510417 0.0617188
9 0.5617188 0.6800781 0.0546875 0.0539063
10 0.6466146 0.5218750 0.0598958 0.0718750
7 0.6734375 0.5359375 0.0562500 0.0562500
8 0.4367187 0.1500000 0.0380208 0.0875000
7 0.6700521 0.2281250 0.0380208 0.0859375
