3 0.5515625 0.5082031 0.0229167 0.0210938
0 0.7453125 0.3972656 0.0208333 0.0304687
5 0.6804687 0.1828125 0.0182292 0.0265625
0 0.5044271 0.5425781 0.0151042 0.0335937
0 0.6869792 0.4917969 0.0239583 0.0257812
4 0.4434896 0.5972656 0.0151042 0.0382813
5 0.7760417 0.5664062 0.0218750 0.0250000
5 0.5997396 0.4261719 0.0182292 0.0195312
4 0.6778646 0.5496094 0.0223958 0.0164063
4 0.4552083 0.7007813 0.0177083 0.0171875
3 0.7296875 0.2824219 0.0260417 0.0164063
5 0.3518229 0.5546875 0.0130208 0.0218750
5 0.4546875 0.1417969 0.0187500 0.0304687
3 0.6106771 0.3156250 0.0151042 0.0312500
3 0.6424479 0.3132813 0.0223958 0.0156250
0 0.3872396 0.4984375 0.0265625 0.0203125
5 0.3973958 0.9222656 0.0166667 0.0382813
2 0.4945312 0.6960937 0.0223958 0.0171875
1 0.5796875 0.3605469 0.0145833 0.0351562
3 0.4932292 0.6929688 0.0104167 0.0171875
3 0.5773438 0.2960937 0.0203125 0.0203125
4 0.3601563 0.5296875 0.0130208 0.0156250
4 0.6250000 0.6562500 0.0239583 0.0218750
2 0.6309896 0.4175781 0.0203125 0.0226562
3 0.3239583 0.4488281 0.0104167 0.0351562
4 0.5114583 0.2730469 0.0156250 0.0367188
2 0.3302083 0.4308594 0.0187500 0.0242188
4 0.5955729 0.2894531 0.0255208 0.0242188
3 0.3242188 0.3417969 0.0171875 0.0179687
5 0.4507813 0.4578125 0.0130208 0.0187500
0 0.6437500 0.5898438 0.0239583 0.0171875
2 0.6000000 0.5539063 0.0156250 0.0171875
0 0.3523438 0.6726562 0.0109375 0.0218750
3 0.4986979 0.8332031 0.0192708 0.0289063
8 0.5158854 0.9316406 0.0213542 0.0304687
9 0.4520833 0.4687500 0.0218750 0.0203125
9 0.6619792 0.5589844 0.0156250 0.0257812
7 0.4265625 0.6851563 0.0239583 0.0234375
10 0.4645833 0.6324219 0.0218750 0.0226562
9 0.4523437 0.5289063 0.0140625 0.0234375
9 0.4096354 0.6328125 0.0203125 0.0265625
6 0.5973958 0.3703125 0.0218750 0.0234375
9 0.7598958 0.4351563 0.0177083 0.0265625
8 0.5385417 0.6968750 0.0145833 0.0328125
