0 0.4481771 0.0085938 0.0203125 0.0171875
1 0.7130208 0.7042969 0.0302083 0.0226562
4 0.4447917 0.1746094 0.0177083 0.0273438
1 0.4359375 0.7093750 0.0166667 0.0265625
0 0.5255208 0.6992188 0.0250000 0.0328125
4 0.6088542 0.2339844 0.0291667 0.0320312
2 0.4588542 0.5707031 0.0145833 0.0210938
4 0.4263021 0.3261719 0.0276042 0.0210938
5 0.4593750 0.1316406 0.0250000 0.0304687
1 0.2898438 0.1757812 0.0307292 0.0250000
2 0.3684896 0.3875000 0.0307292 0.0218750
5 0.5247396 0.3960938 0.0151042 0.0203125
3 0.6981771 0.5597656 0.0213542 0.0242188
2 0.4570312 0.4964844 0.0171875 0.0335937
3 0.6015625 0.7421875 0.0177083 0.0218750
3 0.6518229 0.1847656 0.0265625 0.0195312
1 0.5369792 0.3023438 0.0218750 0.0218750
3 0.7661458 0.4039063 0.0270833 0.0234375
1 0.5585938 0.5472656 0.0234375 0.0226562
0 0.6046875 0.1855469 0.0281250 0.0210938
0 0.3924479 0.8679687 0.0151042 0.0437500
5 0.5010417 0.6097656 0.0229167 0.0398437
1 0.6184896 0.6550781 0.0286458 0.0210938
3 0.7557292 0.5656250 0.0239583 0.0406250
5 0.6036458 0.4222656 0.0260417 0.0210938
2 0.3742187 0.5402344 0.0151042 0.0210938
1 0.4885417 0.3707031 0.0177083 0.0445313
0 0.3591146 0.1953125 0.0192708 0.0312500
5 0.5174479 0.6460938 0.0192708 0.0328125
4 0.4421875 0.3214844 0.0166667 0.0414062
4 0.5018229 0.3113281 0.0244792 0.0179687
4 0.3718750 0.4222656 0.0260417 0.0179687
1 0.4510417 0.7675781 0.0125000 0.0398437
5 0.5434896 0.8191406 0.0234375 0.0382813
2 0.5838542 0.4468750 0.0270833 0.0203125
2 0.5033854 0.2597656 0.0130208 0.0367188
0 0.3468750 0.2671875 0.0281250 0.0218750
1 0.6325521 0.2687500 0.0192708 0.0265625
2 0.4677083 0.0343750 0.0229167 0.0281250
1 0.4763021 0.3941406 0.0234375 0.0367188
5 0.5510417 0.9417969 0.0218750 0.0242188
1 0.5664062 0.4824219 0.0265625 0.0210938
4 0.5098958 0.5484375 0.0239583 0.0296875
1 0.6500000 0.2125000 0.0156250 0.0437500
1 0.5536458 0.3480469 0.0145833 0.0429688
5 0.6471354 0.5878906 0.0234375 0.0320312
1 0.6067708 0.3210938 0.0270833 0.0312500
2 0.5382813 0.3421875 0.0192708 0.0343750
5 0.6028646 0.7574219 0.0192708 0.0304687
2 0.6546875 0.6613281 0.0302083 0.0210938
5 0.5375000 0.7554688 0.0229167 0.0187500
0 0.5856771 0.1933594 0.0140625 0.0429688
1 0.6630208 0.5378906 0.0302083 0.0226562
1 0.6554688 0.5601563 0.0255208 0.0187500
5 0.3947917 0.4753906 0.0208333 0.0273438
2 0.6945313 0.5460938 0.0244792 0.0265625
5 0.5294271 0.5945312 0.0182292 0.0468750
0 0.5031250 0.4089844 0.0114583 0.0210938
0 0.6554688 0.8410156 0.0161458 0.0195312
2 0.3268229 0.4039063 0.0255208 0.0234375
0 0.4125000 0.4238281 0.0270833 0.0257812
5 0.5239583 0.7539062 0.0281250 0.0234375
11 0.6859375 0.6710938 0.0270833 0.0265625
6 0.5838542 0.8796875 0.0260417 0.0343750
8 0.5065104 0.4847656 0.0213542 0.0289063
