5 0.4169271 0.7890625 0.0348958 0.0359375
3 0.6687500 0.6503906 0.0354167 0.0304687
2 0.5679688 0.5082031 0.0203125 0.0476562
2 0.6309896 0.7156250 0.0213542 0.0531250
2 0.3632812 0.6359375 0.0401042 0.0296875
1 0.5476562 0.6292969 0.0380208 0.0226562
4 0.7385417 0.5058594 0.0250000 0.0367188
1 0.5778646 0.3167969 0.0442708 0.0273438
4 0.6427083 0.5363281 0.0375000 0.0273438
0 0.6963542 0.5843750 0.0343750 0.0609375
5 0.5812500 0.8472656 0.0250000 0.0429688
2 0.7026042 0.7828125 0.0427083 0.0265625
4 0.5932292 0.3445313 0.0395833 0.0281250
2 0.6294271 0.6035156 0.0223958 0.0273438
1 0.4947917 0.4234375 0.0229167 0.0390625
2 0.6692708 0.3632812 0.0343750 0.0421875
3 0.2463542 0.5175781 0.0395833 0.0289063
0 0.5942708 0.8488281 0.0229167 0.0289063
2 0.4059896 0.3003906 0.0411458 0.0367188
1 0.6924479 0.5128906 0.0380208 0.0273438
4 0.7489583 0.3539062 0.0395833 0.0406250
5 0.4234375 0.4164062 0.0270833 0.0453125
3 0.3703125 0.7750000 0.0281250 0.0578125
1 0.7078125 0.2492187 0.0427083 0.0312500
4 0.4895833 0.1839844 0.0197917 0.0539063
0 0.4489583 0.5566406 0.0333333 0.0414062
5 0.5255208 0.6484375 0.0364583 0.0234375
3 0.4085937 0.5058594 0.0390625 0.0429688
1 0.4453125 0.7566406 0.0250000 0.0648438
0 0.3755208 0.4292969 0.0291667 0.0382813
5 0.5065104 0.7421875 0.0338542 0.0437500
5 0.4632812 0.1843750 0.0296875 0.0437500
3 0.7078125 0.4058594 0.0302083 0.0320312
1 0.6078125 0.2695312 0.0395833 0.0437500
5 0.2830729 0.5800781 0.0421875 0.0351562
3 0.4838542 0.5023437 0.0416667 0.0312500
3 0.5312500 0.7484375 0.0260417 0.0546875
1 0.3281250 0.6535156 0.0406250 0.0289063
3 0.2776042 0.5957031 0.0302083 0.0539063
4 0.3518229 0.6738281 0.0442708 0.0335937
1 0.6796875 0.9207031 0.0385417 0.0304687
3 0.5260417 0.1421875 0.0291667 0.0625000
1 0.3476562 0.2687500 0.0369792 0.0343750
2 0.6619792 0.5253906 0.0291667 0.0585938
2 0.3036458 0.5492187 0.0427083 0.0375000
4 0.3921875 0.2644531 0.0395833 0.0304687
2 0.7156250 0.7335938 0.0375000 0.0296875
5 0.7166667 0.4410156 0.0218750 0.0601563
4 0.3708333 0.6355469 0.0208333 0.0226562
1 0.3591146 0.6582031 0.0234375 0.0273438
3 0.5299479 0.3132813 0.0255208 0.0671875
0 0.6661458 0.3832031 0.0354167 0.0492187
2 0.6651042 0.5492187 0.0395833 0.0390625
1 0.6348958 0.2671875 0.0291667 0.0578125
4 0.3924479 0.7828125 0.0296875 0.0390625
4 0.2807292 0.4636719 0.0385417 0.0242188
3 0.5643229 0.2007812 0.0171875 0.0562500
2 0.5992188 0.8097656 0.0369792 0.0414062
3 0.4544271 0.4531250 0.0411458 0.0234375
0 0.8419271 0.6566406 0.0296875 0.0554687
4 0.4945312 0.6957031 0.0276042 0.0273438
3 0.4111979 0.6914062 0.0192708 0.0453125
5 0.4934896 0.6042969 0.0213542 0.0304687
0 0.4346354 0.3953125 0.0369792 0.0375000
0 0.5786458 0.3347656 0.0447917 0.0304687
2 0.5182292 0.6324219 0.0239583 0.0289063
1 0.3203125 0.5097656 0.0270833 0.0304687
1 0.5023437 0.7996094 0.0432292 0.0289063
1 0.2544271 0.4699219 0.0380208 0.0460938
5 0.4083333 0.3601563 0.0375000 0.0328125
11 0.5539063 0.4878906 0.0390625 0.0382813
6 0.6958333 0.5519531 0.0406250 0.0460938
8 0.6815104 0.5722656 0.0265625 0.0554687
9 0.7093750 0.1160156 0.0250000 0.0554687
6 0.6773438 0.4496094 0.0390625 0.0382813
6 0.2882812 0.3433594 0.0359375 0.0414062
7 0.4979167 0.7660156 0.0343750 0.0445313
6 0.7184896 0.5937500 0.0411458 0.0531250
7 0.3502604 0.3386719 0.0348958 0.0523438
6 0.7833333 0.2988281 0.0406250 0.0398437
8 0.6184896 0.4265625 0.0328125 0.0546875
9 0.4171875 0.8890625 0.0395833 0.0390625
10 0.7101563 0.6679688 0.0328125 0.0453125
