2 0.5013021 0.9074219 0.0661458 0.0460938
2 0.7101563 0.6183594 0.0567708 0.0523438
1 0.5809896 0.3757813 0.0588542 0.0468750
4 0.4911458 0.9773437 0.0322917 0.0437500
3 0.2432292 0.4968750 0.0614583 0.0640625
4 0.3156250 0.3738281 0.0645833 0.0523438
2 0.4398437 0.3722656 0.0515625 0.0507812
4 0.5593750 0.5402344 0.0333333 0.0351562
5 0.3463542 0.2851562 0.0312500 0.0875000
0 0.4638021 0.2164062 0.0598958 0.0687500
3 0.6643229 0.3589844 0.0578125 0.0351562
0 0.5270833 0.2953125 0.0260417 0.0406250
3 0.4658854 0.5761719 0.0421875 0.0835937
4 0.4997396 0.7390625 0.0317708 0.0921875
0 0.5437500 0.2070312 0.0593750 0.0812500
3 0.6236979 0.7210937 0.0442708 0.0437500
0 0.4950521 0.6648437 0.0546875 0.0390625
3 0.6427083 0.8328125 0.0656250 0.0406250
2 0.4859375 0.6242188 0.0572917 0.0406250
3 0.6658854 0.5824219 0.0588542 0.0554687
2 0.4205729 0.2714844 0.0348958 0.0742188
1 0.7432292 0.4746094 0.0354167 0.0882813
0 0.4929688 0.2820313 0.0296875 0.0718750
5 0.5781250 0.7070312 0.0552083 0.0578125
4 0.4953125 0.6179687 0.0343750 0.0953125
2 0.7231771 0.6359375 0.0609375 0.0468750
6 0.5328125 0.6320313 0.0531250 0.0531250
6 0.5450521 0.4613281 0.0421875 0.0789062
6 0.5455729 0.2468750 0.0411458 0.0953125
10 0.6877604 0.5558594 0.0390625 0.0585938
10 0.4286458 0.6753906 0.0562500 0.0554687
7 0.3625000 0.4640625 0.0427083 0.0593750
8 0.5882812 0.6230469 0.0401042 0.0679687
11 0.5075521 0.8406250 0.0401042 0.0953125
6 0.5127604 0.7335938 0.0557292 0.0546875
8 0.6098958 0.2867188 0.0604167 0.0609375
7 0.5822917 0.7679687 0.0510417 0.0640625
9 0.3880208 0.6859375 0.0510417 0.0750000
8 0.8049479 0.6710938 0.0442708 0.0875000
6 0.4802083 0.3664062 0.0406250 0.0781250
10 0.4867187 0.2632813 0.0505208 0.0828125
6 0.4354167 0.3285156 0.0614583 0.0773438
11 0.6205729 0.8058594 0.0359375 0.0835937
11 0.6658854 0.5070313 0.0557292 0.0578125
8 0.6341146 0.3085938 0.0619792 0.0609375
