3 0.3148437 0.6246094 0.0296875 0.0289063
1 0.4565104 0.1957031 0.0161458 0.0539063
3 0.6359375 0.6601562 0.0354167 0.0234375
1 0.2919271 0.4023438 0.0359375 0.0390625
3 0.5812500 0.2375000 0.0395833 0.0296875
1 0.4575521 0.3281250 0.0380208 0.0250000
3 0.4518229 0.6664062 0.0203125 0.0500000
4 0.3223958 0.5031250 0.0270833 0.0468750
0 0.3893229 0.5531250 0.0401042 0.0296875
2 0.5351562 0.7933594 0.0255208 0.0460938
0 0.5382813 0.4652344 0.0203125 0.0429688
2 0.7242188 0.4257812 0.0338542 0.0281250
4 0.6463542 0.6652344 0.0354167 0.0242188
1 0.2843750 0.2925781 0.0281250 0.0351562
0 0.5684896 0.3121094 0.0390625 0.0320312
3 0.4536458 0.5792969 0.0312500 0.0320312
4 0.5020833 0.6855469 0.0270833 0.0476562
2 0.6119792 0.5343750 0.0260417 0.0500000
0 0.3526042 0.1484375 0.0177083 0.0328125
3 0.4458333 0.8054687 0.0208333 0.0359375
1 0.6190104 0.4906250 0.0359375 0.0250000
5 0.5609375 0.2765625 0.0333333 0.0421875
2 0.4591146 0.5652344 0.0348958 0.0257812
1 0.5075521 0.7613281 0.0307292 0.0257812
5 0.6833333 0.3476562 0.0385417 0.0281250
4 0.6742187 0.5367188 0.0359375 0.0421875
3 0.6523438 0.3902344 0.0255208 0.0398437
0 0.5804687 0.4316406 0.0171875 0.0242188
4 0.4244792 0.6246094 0.0177083 0.0539063
3 0.6390625 0.2167969 0.0208333 0.0617188
3 0.5455729 0.8316406 0.0359375 0.0335937
2 0.5062500 0.3878906 0.0375000 0.0304687
0 0.6169271 0.1628906 0.0359375 0.0351562
1 0.4416667 0.5476562 0.0416667 0.0281250
2 0.4463542 0.2722656 0.0395833 0.0398437
3 0.4812500 0.4980469 0.0354167 0.0273438
1 0.5549479 0.5027344 0.0338542 0.0226562
5 0.4174479 0.5410156 0.0307292 0.0398437
2 0.4138021 0.8582031 0.0223958 0.0554687
3 0.2843750 0.4109375 0.0208333 0.0265625
5 0.6046875 0.6703125 0.0260417 0.0343750
4 0.6184896 0.2839844 0.0223958 0.0226562
5 0.7018229 0.5300781 0.0276042 0.0429688
9 0.6197917 0.5988281 0.0281250 0.0382813
10 0.5080729 0.3335938 0.0307292 0.0562500
10 0.5052083 0.7812500 0.0375000 0.0578125
10 0.4158854 0.3996094 0.0223958 0.0523438
6 0.3070312 0.5769531 0.0380208 0.0367188
10 0.5932292 0.6890625 0.0375000 0.0453125
8 0.6841146 0.4792969 0.0317708 0.0507812
6 0.6148438 0.5132813 0.0255208 0.0593750
11 0.4643229 0.6304688 0.0401042 0.0484375
