1 0.4080729 0.7679687 0.0338542 0.0406250
2 0.2059896 0.6054688 0.0328125 0.0546875
1 0.3596354 0.3066406 0.0307292 0.0523438
3 0.5736979 0.6054688 0.0401042 0.0453125
4 0.6065104 0.1468750 0.0244792 0.0343750
5 0.6656250 0.5726562 0.0218750 0.0328125
3 0.2656250 0.4613281 0.0281250 0.0445313
3 0.5213542 0.6539063 0.0302083 0.0281250
1 0.5585938 0.4441406 0.0421875 0.0304687
3 0.7015625 0.7148438 0.0385417 0.0312500
1 0.7213542 0.6042969 0.0427083 0.0382813
0 0.6320313 0.5906250 0.0401042 0.0343750
5 0.4421875 0.8128906 0.0458333 0.0304687
2 0.4809896 0.8824219 0.0369792 0.0367188
5 0.5002604 0.7953125 0.0317708 0.0546875
4 0.5742188 0.4722656 0.0411458 0.0335937
2 0.4986979 0.1535156 0.0359375 0.0570312
1 0.3690104 0.2804687 0.0453125 0.0296875
1 0.5333333 0.8234375 0.0229167 0.0406250
5 0.4361979 0.1667969 0.0265625 0.0617188
0 0.5937500 0.2511719 0.0385417 0.0414062
2 0.4276042 0.6628906 0.0187500 0.0632812
2 0.3835938 0.7250000 0.0317708 0.0437500
0 0.6265625 0.4222656 0.0354167 0.0539063
1 0.7098958 0.8777344 0.0427083 0.0320312
3 0.4997396 0.1484375 0.0265625 0.0671875
2 0.4695313 0.2441406 0.0307292 0.0460938
1 0.5239583 0.6335937 0.0427083 0.0281250
5 0.5744792 0.4003906 0.0260417 0.0320312
3 0.5309896 0.1332031 0.0317708 0.0476562
5 0.6179687 0.3082031 0.0296875 0.0492187
2 0.6010417 0.7078125 0.0416667 0.0343750
5 0.5708333 0.4414062 0.0229167 0.0593750
4 0.5760417 0.5992188 0.0322917 0.0375000
0 0.4169271 0.2851562 0.0276042 0.0296875
3 0.4885417 0.7621094 0.0281250 0.0585938
3 0.3286458 0.3132813 0.0447917 0.0312500
4 0.6270833 0.4312500 0.0375000 0.0390625
4 0.7216146 0.6246094 0.0255208 0.0617188
4 0.3648438 0.6929688 0.0411458 0.0500000
2 0.2445313 0.6945313 0.0213542 0.0546875
0 0.2703125 0.2382812 0.0281250 0.0296875
10 0.6752604 0.9339844 0.0255208 0.0601563
11 0.3992188 0.4445312 0.0369792 0.0546875
