0 0.5661458 0.3667969 0.0187500 0.0460938
5 0.5080729 0.5738281 0.0244792 0.0351562
5 0.4697917 0.3093750 0.0208333 0.0500000
5 0.2414062 0.7121094 0.0171875 0.0492187
3 0.3950521 0.2242187 0.0244792 0.0515625
5 0.7281250 0.4804688 0.0302083 0.0343750
5 0.5390625 0.3929687 0.0166667 0.0296875
3 0.3927083 0.7156250 0.0343750 0.0234375
0 0.5536458 0.2890625 0.0260417 0.0390625
5 0.3786458 0.5957031 0.0260417 0.0273438
0 0.7489583 0.3636719 0.0302083 0.0320312
4 0.4942708 0.5171875 0.0322917 0.0250000
2 0.5138021 0.4984375 0.0192708 0.0390625
2 0.5770833 0.4996094 0.0239583 0.0226562
2 0.3614583 0.3671875 0.0166667 0.0406250
3 0.4304688 0.3250000 0.0286458 0.0296875
5 0.5802083 0.3453125 0.0187500 0.0468750
3 0.5325521 0.3792969 0.0296875 0.0257812
5 0.5213542 0.2320312 0.0218750 0.0359375
0 0.3953125 0.1402344 0.0177083 0.0242188
8 0.4809896 0.4632812 0.0286458 0.0343750
8 0.5690104 0.3820312 0.0307292 0.0421875
10 0.6322917 0.6488281 0.0302083 0.0320312
11 0.3864583 0.2464844 0.0218750 0.0492187
8 0.6817708 0.7281250 0.0312500 0.0296875
6 0.4164062 0.5707031 0.0182292 0.0398437
7 0.5250000 0.7242188 0.0218750 0.0437500
9 0.5218750 0.4769531 0.0343750 0.0335937
11 0.4127604 0.7570313 0.0203125 0.0468750
9 0.4591146 0.6218750 0.0276042 0.0406250
11 0.6893229 0.6058594 0.0244792 0.0414062
9 0.4283854 0.9117188 0.0203125 0.0468750
