3 0.5841146 0.1925781 0.0505208 0.0523438
1 0.5562500 0.3554688 0.0531250 0.0625000
2 0.7101563 0.4148438 0.0526042 0.0406250
5 0.6263021 0.1820313 0.0442708 0.0406250
3 0.4250000 0.1890625 0.0427083 0.0578125
3 0.6210938 0.4000000 0.0494792 0.0546875
3 0.6890625 0.2292969 0.0520833 0.0585938
0 0.4184896 0.4917969 0.0515625 0.0382813
4 0.5359375 0.5433594 0.0260417 0.0726563
2 0.8473958 0.4171875 0.0500000 0.0515625
2 0.4820313 0.8937500 0.0317708 0.0593750
2 0.5622396 0.1464844 0.0348958 0.0726563
0 0.6398438 0.3953125 0.0557292 0.0312500
2 0.5440104 0.1847656 0.0380208 0.0835937
0 0.5398437 0.4296875 0.0463542 0.0359375
5 0.4148438 0.8207031 0.0598958 0.0585938
0 0.6411458 0.3144531 0.0552083 0.0382813
2 0.3856771 0.7593750 0.0369792 0.0515625
4 0.3395833 0.7542969 0.0510417 0.0398437
4 0.7184896 0.5109375 0.0536458 0.0359375
1 0.5007812 0.6750000 0.0505208 0.0343750
1 0.6778646 0.6964844 0.0515625 0.0320312
5 0.3979167 0.7855469 0.0302083 0.0898438
4 0.4114583 0.4300781 0.0302083 0.0492187
3 0.6119792 0.2347656 0.0395833 0.0789062
3 0.7289062 0.5859375 0.0484375 0.0687500
0 0.3895833 0.5449219 0.0552083 0.0382813
1 0.6648437 0.1339844 0.0557292 0.0382813
0 0.6604167 0.5921875 0.0583333 0.0390625
1 0.4937500 0.1722656 0.0395833 0.0429688
4 0.4596354 0.6683594 0.0442708 0.0460938
3 0.4507813 0.2347656 0.0286458 0.0804688
4 0.7799479 0.4851563 0.0255208 0.0562500
3 0.5773438 0.3007812 0.0609375 0.0406250
0 0.2752604 0.4542969 0.0463542 0.0570312
5 0.5778646 0.6972656 0.0411458 0.0382813
0 0.4682292 0.3753906 0.0520833 0.0289063
4 0.5867187 0.6449219 0.0359375 0.0570312
2 0.3119792 0.3679688 0.0375000 0.0593750
1 0.6002604 0.1371094 0.0494792 0.0554687
3 0.4486979 0.3441406 0.0494792 0.0382813
4 0.5268229 0.2750000 0.0463542 0.0421875
0 0.3945312 0.7066406 0.0515625 0.0367188
0 0.5401042 0.3390625 0.0281250 0.0812500
1 0.4320312 0.6988281 0.0567708 0.0445313
5 0.3710938 0.6648437 0.0307292 0.0812500
1 0.6960937 0.4855469 0.0567708 0.0398437
3 0.3390625 0.5941406 0.0250000 0.0429688
3 0.5666667 0.9113281 0.0395833 0.0835937
5 0.4406250 0.6343750 0.0208333 0.0578125
3 0.7817708 0.6464844 0.0260417 0.0710937
0 0.2968750 0.1347656 0.0270833 0.0789062
0 0.6791667 0.4878906 0.0375000 0.0773438
0 0.6463542 0.2460938 0.0291667 0.0875000
3 0.4666667 0.3660156 0.0447917 0.0367188
3 0.5351562 0.2699219 0.0328125 0.0757812
11 0.7023438 0.5398437 0.0505208 0.0484375
7 0.6320313 0.7054687 0.0494792 0.0515625
7 0.8632812 0.5980469 0.0546875 0.0523438
9 0.7078125 0.6128906 0.0458333 0.0742188
7 0.4544271 0.4617188 0.0526042 0.0562500
8 0.5450521 0.7664062 0.0494792 0.0500000
6 0.5643229 0.0996094 0.0473958 0.0617188
11 0.5929688 0.8144531 0.0338542 0.0632812
11 0.4046875 0.9355469 0.0427083 0.0726563
6 0.2822917 0.3789062 0.0406250 0.0578125
6 0.6010417 0.3730469 0.0468750 0.0679687
7 0.4768229 0.2265625 0.0338542 0.0796875
8 0.5526042 0.8171875 0.0364583 0.0843750
6 0.6479167 0.4578125 0.0562500 0.0562500
10 0.5877604 0.3714844 0.0463542 0.0476562
6 0.6359375 0.7625000 0.0447917 0.0515625
7 0.6450521 0.3410156 0.0494792 0.0585938
7 0.3421875 0.3718750 0.0500000 0.0593750
