3 0.5471354 0.3898437 0.0171875 0.0531250
1 0.5945312 0.3113281 0.0265625 0.0351562
0 0.3984375 0.3914063 0.0354167 0.0218750
0 0.6218750 0.5371094 0.0333333 0.0210938
0 0.5101562 0.4562500 0.0213542 0.0359375
0 0.7020833 0.6203125 0.0218750 0.0250000
2 0.5359375 0.3457031 0.0322917 0.0242188
4 0.3658854 0.4023438 0.0182292 0.0546875
11 0.7450521 0.5445313 0.0359375 0.0375000
11 0.4859375 0.2664063 0.0250000 0.0546875
9 0.3979167 0.3000000 0.0260417 0.0468750
9 0.6736979 0.5136719 0.0359375 0.0351562
6 0.5510417 0.1984375 0.0260417 0.0531250
8 0.3794271 0.6820312 0.0390625 0.0437500
10 0.3666667 0.6765625 0.0343750 0.0390625
6 0.2895833 0.7058594 0.0322917 0.0476562
9 0.3315104 0.7742187 0.0369792 0.0375000
10 0.5622396 0.3917969 0.0286458 0.0523438
9 0.6960937 0.7519531 0.0348958 0.0382813
8 0.4895833 0.2000000 0.0385417 0.0593750
11 0.7458333 0.7417969 0.0364583 0.0382813
6 0.4471354 0.5371094 0.0348958 0.0351562
11 0.6380208 0.1183594 0.0375000 0.0367188
10 0.4682292 0.3468750 0.0343750 0.0390625
7 0.4187500 0.5808594 0.0302083 0.0507812
9 0.5679688 0.4875000 0.0255208 0.0531250
