2 0.6221354 0.2238281 0.0546875 0.0789062
1 0.6135417 0.8726563 0.0375000 0.0578125
4 0.7760417 0.7386719 0.0760417 0.0601563
0 0.7546875 0.6402344 0.0552083 0.0882813
5 0.7872396 0.6972656 0.0505208 0.0851563
2 0.4768229 0.6472656 0.0609375 0.0523438
3 0.7361979 0.5996094 0.0505208 0.0695313
1 0.3716146 0.5632812 0.0682292 0.0546875
4 0.4596354 0.3593750 0.0369792 0.1125000
0 0.4747396 0.6996094 0.0598958 0.0664062
2 0.7039062 0.4125000 0.0734375 0.0671875
5 0.3760417 0.4687500 0.0458333 0.1109375
5 0.5057292 0.4308594 0.0510417 0.0585938
3 0.3666667 0.4304688 0.0416667 0.0812500
1 0.7388021 0.5667969 0.0432292 0.0601563
4 0.6210938 0.7222656 0.0432292 0.0851563
3 0.4953125 0.7722656 0.0541667 0.0820312
4 0.3208333 0.6746094 0.0416667 0.0460938
0 0.6432292 0.1539062 0.0708333 0.0546875
0 0.4177083 0.2972656 0.0583333 0.0429688
1 0.6851563 0.8011719 0.0734375 0.0507812
5 0.2786458 0.4746094 0.0427083 0.0914062
0 0.3679688 0.5054688 0.0734375 0.0515625
5 0.5125000 0.7687500 0.0625000 0.0859375
0 0.4755208 0.4714844 0.0427083 0.0679687
0 0.3835938 0.6183594 0.0661458 0.0445313
1 0.4885417 0.7546875 0.0677083 0.0546875
3 0.5885417 0.7476563 0.0427083 0.0765625
4 0.3479167 0.4617188 0.0375000 0.0750000
4 0.7304688 0.5429688 0.0744792 0.0468750
3 0.7578125 0.6445312 0.0750000 0.0609375
2 0.5041667 0.5695313 0.0562500 0.0640625
4 0.6572917 0.6597656 0.0666667 0.0539063
1 0.4830729 0.6800781 0.0421875 0.0664062
0 0.3414063 0.7410156 0.0682292 0.0554687
1 0.5726562 0.3843750 0.0411458 0.1093750
1 0.5869792 0.3101563 0.0385417 0.0640625
3 0.4276042 0.3046875 0.0572917 0.0843750
2 0.3963542 0.6550781 0.0677083 0.0554687
5 0.3549479 0.2660156 0.0401042 0.0664062
0 0.6002604 0.4937500 0.0651042 0.0515625
5 0.5638021 0.2097656 0.0515625 0.0992187
5 0.5804687 0.6980469 0.0671875 0.0617188
0 0.3854167 0.0839844 0.0427083 0.0882813
4 0.7036458 0.6179687 0.0645833 0.0453125
5 0.5562500 0.1246094 0.0520833 0.1070312
0 0.6184896 0.6542969 0.0765625 0.0554687
3 0.6960937 0.5980469 0.0286458 0.1023437
3 0.5638021 0.4773438 0.0765625 0.0656250
2 0.4802083 0.3089844 0.0687500 0.0554687
0 0.2830729 0.2464844 0.0348958 0.0820312
5 0.4067708 0.5332031 0.0406250 0.0742188
4 0.5255208 0.4574219 0.0666667 0.0507812
3 0.7096354 0.7585937 0.0734375 0.0546875
5 0.6145833 0.4484375 0.0718750 0.0515625
1 0.3575521 0.6519531 0.0328125 0.0679687
2 0.2742188 0.1332031 0.0661458 0.0523438
5 0.5895833 0.2378906 0.0437500 0.0960938
5 0.5335937 0.2390625 0.0505208 0.0906250
1 0.3385417 0.1175781 0.0656250 0.0476562
0 0.4348958 0.4421875 0.0791667 0.0593750
3 0.7492188 0.3812500 0.0348958 0.1093750
1 0.5010417 0.3453125 0.0333333 0.0703125
4 0.4486979 0.6925781 0.0369792 0.0929688
1 0.6242188 0.5144531 0.0692708 0.0460938
3 0.6281250 0.7230469 0.0729167 0.0523438
5 0.6067708 0.6695313 0.0697917 0.0625000
2 0.6294271 0.6660156 0.0432292 0.0664062
2 0.4442708 0.4886719 0.0437500 0.0601563
0 0.4789062 0.1964844 0.0359375 0.1164063
2 0.2997396 0.6902344 0.0296875 0.0710937
3 0.5388021 0.7171875 0.0401042 0.0890625
1 0.6419271 0.4640625 0.0307292 0.0609375
6 0.5716146 0.5812500 0.0640625 0.0625000
8 0.6268229 0.5761719 0.0692708 0.0695313
9 0.5718750 0.5707031 0.0625000 0.0617188
