3 0.5130208 0.3042969 0.0250000 0.0382813
0 0.6385417 0.4046875 0.0302083 0.0281250
1 0.4223958 0.6601562 0.0312500 0.0296875
4 0.6898437 0.2968750 0.0317708 0.0218750
1 0.6609375 0.8796875 0.0302083 0.0234375
4 0.7223958 0.2257812 0.0291667 0.0218750
4 0.4731771 0.1531250 0.0151042 0.0234375
2 0.5578125 0.2378906 0.0156250 0.0242188
2 0.4541667 0.8000000 0.0239583 0.0328125
2 0.5226563 0.6578125 0.0223958 0.0312500
0 0.5929688 0.1500000 0.0276042 0.0203125
2 0.5859375 0.5687500 0.0239583 0.0203125
2 0.6278646 0.5339844 0.0286458 0.0226562
4 0.4815104 0.4312500 0.0203125 0.0406250
4 0.3591146 0.4917969 0.0338542 0.0226562
2 0.5721354 0.2718750 0.0286458 0.0218750
1 0.5679688 0.7375000 0.0265625 0.0312500
2 0.5973958 0.6269531 0.0291667 0.0320312
0 0.4760417 0.5062500 0.0166667 0.0375000
0 0.6934896 0.3515625 0.0161458 0.0218750
1 0.5770833 0.6730469 0.0281250 0.0242188
0 0.5666667 0.4203125 0.0312500 0.0312500
2 0.3914063 0.8148437 0.0307292 0.0234375
0 0.4000000 0.5988281 0.0229167 0.0304687
1 0.2992187 0.3527344 0.0286458 0.0210938
3 0.3562500 0.4398437 0.0177083 0.0281250
2 0.4742188 0.3679688 0.0307292 0.0234375
1 0.5968750 0.6523438 0.0145833 0.0281250
5 0.6611979 0.4046875 0.0328125 0.0250000
1 0.4979167 0.2183594 0.0145833 0.0226562
5 0.5466146 0.6679688 0.0213542 0.0265625
4 0.2861979 0.5785156 0.0286458 0.0257812
1 0.7281250 0.4500000 0.0250000 0.0312500
3 0.5455729 0.4296875 0.0140625 0.0203125
1 0.2929688 0.3777344 0.0296875 0.0257812
1 0.6486979 0.6652344 0.0296875 0.0210938
5 0.5515625 0.6898437 0.0145833 0.0281250
2 0.2611979 0.4812500 0.0244792 0.0328125
5 0.3940104 0.2281250 0.0255208 0.0296875
2 0.3765625 0.5644531 0.0187500 0.0304687
2 0.4333333 0.4605469 0.0291667 0.0304687
1 0.4432292 0.6722656 0.0229167 0.0226562
3 0.5575521 0.9222656 0.0192708 0.0460938
5 0.5315104 0.2578125 0.0151042 0.0281250
5 0.6351562 0.7042969 0.0328125 0.0273438
3 0.3710938 0.2890625 0.0151042 0.0218750
4 0.4968750 0.6132812 0.0229167 0.0390625
5 0.6846354 0.5148438 0.0140625 0.0437500
2 0.3364583 0.3546875 0.0281250 0.0312500
2 0.4802083 0.5035156 0.0166667 0.0460938
9 0.7437500 0.5441406 0.0302083 0.0289063
8 0.4903646 0.5898438 0.0317708 0.0328125
9 0.5799479 0.3933594 0.0182292 0.0273438
8 0.6148438 0.3597656 0.0276042 0.0445313
8 0.3244792 0.4890625 0.0208333 0.0421875
8 0.5578125 0.0984375 0.0302083 0.0296875
