1 0.5429688 0.6902344 0.0359375 0.1101562
4 0.6822917 0.7746094 0.0770833 0.0414062
3 0.7625000 0.2675781 0.0718750 0.0539063
0 0.3875000 0.4878906 0.0458333 0.0742188
0 0.7341146 0.5105469 0.0671875 0.0757812
2 0.5726562 0.5031250 0.0796875 0.0593750
2 0.5492187 0.5093750 0.0776042 0.0515625
3 0.4893229 0.6207031 0.0505208 0.0585938
4 0.4244792 0.5507812 0.0635417 0.0734375
0 0.5132813 0.8507813 0.0671875 0.1203125
3 0.5489583 0.5054688 0.0645833 0.0843750
3 0.5880208 0.6933594 0.0354167 0.0554687
4 0.3419271 0.1957031 0.0505208 0.1210938
4 0.5450521 0.7019531 0.0734375 0.0460938
2 0.6531250 0.8886719 0.0791667 0.0757812
1 0.3630208 0.8414063 0.0437500 0.1140625
4 0.4598958 0.7746094 0.0739583 0.0539063
0 0.7445312 0.6730469 0.0630208 0.0695313
4 0.5531250 0.6050781 0.0781250 0.0570312
2 0.3455729 0.2722656 0.0453125 0.1039063
0 0.4835937 0.1597656 0.0776042 0.0945312
2 0.6869792 0.4023438 0.0864583 0.0593750
5 0.6601562 0.5320312 0.0380208 0.0578125
1 0.5872396 0.5921875 0.0776042 0.0609375
5 0.6713542 0.4875000 0.0739583 0.0750000
3 0.7346354 0.6312500 0.0619792 0.1093750
1 0.4815104 0.2593750 0.0401042 0.1171875
0 0.3007812 0.7179688 0.0807292 0.0562500
2 0.3992188 0.4398437 0.0640625 0.0625000
2 0.5450521 0.3304687 0.0776042 0.0531250
4 0.5250000 0.3308594 0.0479167 0.0539063
5 0.5593750 0.3460937 0.0739583 0.0609375
4 0.5375000 0.3296875 0.0770833 0.0531250
2 0.4208333 0.4292969 0.0489583 0.1257813
2 0.6174479 0.5351562 0.0744792 0.0531250
0 0.6885417 0.6835938 0.0802083 0.0609375
0 0.5640625 0.3433594 0.0666667 0.0601563
0 0.7398438 0.5519531 0.0463542 0.0867187
1 0.7239583 0.4121094 0.0822917 0.0664062
5 0.4036458 0.3238281 0.0583333 0.0601563
3 0.4843750 0.3480469 0.0583333 0.0460938
5 0.7294271 0.5921875 0.0776042 0.0718750
0 0.6208333 0.4132812 0.0791667 0.0531250
5 0.7143229 0.3468750 0.0817708 0.0484375
2 0.5179687 0.4421875 0.0598958 0.0812500
5 0.6502604 0.4781250 0.0838542 0.0656250
4 0.5807292 0.3472656 0.0510417 0.0710937
0 0.3903646 0.3917969 0.0723958 0.0554687
5 0.6338542 0.1980469 0.0583333 0.0601563
2 0.2875000 0.7019531 0.0541667 0.0601563
1 0.5513021 0.1308594 0.0359375 0.0773438
0 0.4005208 0.8355469 0.0468750 0.0726563
4 0.6880208 0.4175781 0.0583333 0.0617188
9 0.4731771 0.6429687 0.0557292 0.0906250
10 0.7007813 0.6992188 0.0640625 0.0687500
8 0.3114583 0.5566406 0.0802083 0.1054688
8 0.6125000 0.5039062 0.0781250 0.0890625
6 0.6270833 0.5167969 0.0708333 0.0695313
8 0.5385417 0.2082031 0.0645833 0.1164063
8 0.4450521 0.0464844 0.0651042 0.0929688
9 0.5101562 0.2953125 0.0505208 0.1171875
9 0.5367188 0.8410156 0.0723958 0.0710937
7 0.4375000 0.7847656 0.0645833 0.1085938
8 0.6158854 0.4824219 0.0588542 0.0679687
10 0.4940104 0.0804688 0.0473958 0.1046875
10 0.3596354 0.2082031 0.0734375 0.0726563
11 0.4182292 0.3703125 0.0687500 0.0890625
10 0.7072917 0.6523438 0.0739583 0.0734375
7 0.6927083 0.3347656 0.0666667 0.0742188
