3 0.5361979 0.7757812 0.0234375 0.0250000
3 0.5927083 0.6496094 0.0270833 0.0226562
5 0.6044271 0.6730469 0.0213542 0.0351562
0 0.3572917 0.4996094 0.0270833 0.0304687
4 0.5093750 0.8671875 0.0135417 0.0421875
5 0.4484375 0.1546875 0.0239583 0.0328125
0 0.6947917 0.6863281 0.0281250 0.0242188
3 0.4807292 0.5769531 0.0156250 0.0289063
4 0.4367187 0.7156250 0.0192708 0.0281250
5 0.5807292 0.5191406 0.0145833 0.0429688
4 0.4851563 0.1765625 0.0140625 0.0359375
3 0.5979167 0.5035156 0.0260417 0.0195312
4 0.6473958 0.0820312 0.0156250 0.0328125
0 0.5692708 0.3890625 0.0177083 0.0312500
4 0.5705729 0.4464844 0.0255208 0.0226562
0 0.5330729 0.3242188 0.0203125 0.0296875
1 0.2945313 0.1386719 0.0151042 0.0414062
5 0.4921875 0.4886719 0.0229167 0.0195312
3 0.6013021 0.6093750 0.0192708 0.0171875
4 0.5203125 0.5515625 0.0218750 0.0234375
1 0.3809896 0.2636719 0.0151042 0.0351562
3 0.4747396 0.4359375 0.0151042 0.0234375
2 0.6250000 0.7382812 0.0135417 0.0390625
1 0.5559896 0.6402344 0.0244792 0.0179687
1 0.4971354 0.5582031 0.0265625 0.0226562
0 0.4820313 0.5027344 0.0265625 0.0210938
2 0.4953125 0.4601562 0.0270833 0.0218750
0 0.4250000 0.3675781 0.0156250 0.0257812
2 0.3218750 0.5726562 0.0302083 0.0203125
2 0.6723958 0.3738281 0.0250000 0.0289063
1 0.6989583 0.7597656 0.0281250 0.0273438
1 0.3567708 0.4699219 0.0145833 0.0257812
2 0.3721354 0.6390625 0.0276042 0.0250000
5 0.2815104 0.3042969 0.0140625 0.0289063
2 0.6632813 0.8097656 0.0192708 0.0242188
5 0.5578125 0.6949219 0.0270833 0.0226562
1 0.4835937 0.7621094 0.0244792 0.0320312
5 0.5304688 0.4484375 0.0234375 0.0234375
5 0.5158854 0.6503906 0.0130208 0.0367188
3 0.6164063 0.4609375 0.0119792 0.0234375
2 0.6216146 0.5917969 0.0234375 0.0382813
11 0.6114583 0.3441406 0.0177083 0.0304687
9 0.4307292 0.8687500 0.0166667 0.0406250
10 0.6596354 0.6027344 0.0234375 0.0226562
6 0.4489583 0.4890625 0.0260417 0.0250000
9 0.3864583 0.0753906 0.0250000 0.0320312
6 0.4796875 0.7136719 0.0229167 0.0242188
10 0.3031250 0.5800781 0.0250000 0.0242188
6 0.3119792 0.4351563 0.0208333 0.0421875
8 0.3921875 0.2464844 0.0166667 0.0382813
7 0.4533854 0.4585938 0.0244792 0.0265625
10 0.4789062 0.7246094 0.0213542 0.0304687
10 0.4757812 0.6574219 0.0182292 0.0304687
7 0.4364583 0.7148438 0.0270833 0.0265625
10 0.4989583 0.7597656 0.0187500 0.0351562
9 0.4312500 0.8703125 0.0208333 0.0375000
10 0.6109375 0.5660156 0.0250000 0.0242188
6 0.5312500 0.7257813 0.0250000 0.0265625
8 0.6377604 0.7660156 0.0203125 0.0257812
8 0.4132812 0.7144531 0.0234375 0.0414062
