4 0.6638021 0.6910156 0.1348958 0.1820313
0 0.6919271 0.0679687 0.0723958 0.1359375
3 0.5848958 0.7425781 0.1093750 0.1195313
0 0.5479167 0.6406250 0.1437500 0.1140625
4 0.6544271 0.4839844 0.1411458 0.1039063
0 0.6427083 0.2613281 0.1218750 0.1117188
1 0.5635417 0.1792969 0.0802083 0.1132812
0 0.6559896 0.2585938 0.1442708 0.0921875
1 0.2799479 0.1398437 0.1359375 0.0968750
3 0.6411458 0.7304688 0.0812500 0.2171875
2 0.4945312 0.4527344 0.0942708 0.1304687
2 0.6755208 0.5476562 0.0677083 0.1062500
1 0.6265625 0.5355469 0.1166667 0.1117188
2 0.3903646 0.3035156 0.1484375 0.1367188
1 0.7822917 0.6062500 0.0802083 0.1218750
2 0.6143229 0.8562500 0.0859375 0.0984375
3 0.5708333 0.9089844 0.1072917 0.1195313
5 0.3398438 0.3761719 0.1151042 0.1382812
0 0.6942708 0.2082031 0.0802083 0.2273438
4 0.3109375 0.2496094 0.1093750 0.1648438
2 0.7346354 0.1226562 0.1380208 0.0937500
2 0.6020833 0.7312500 0.0593750 0.0953125
5 0.3130208 0.8972656 0.0791667 0.1210938
4 0.6210938 0.5941406 0.1380208 0.1132812
5 0.5375000 0.6351562 0.1635417 0.1187500
4 0.4554687 0.7351562 0.0880208 0.2109375
2 0.3960938 0.2023437 0.1317708 0.1968750
4 0.3414063 0.6941406 0.1401042 0.0992187
4 0.6114583 0.6800781 0.1593750 0.1304687
0 0.4593750 0.5683594 0.1177083 0.1414063
0 0.7718750 0.6242188 0.1520833 0.1187500
3 0.3773437 0.9378906 0.0807292 0.1226562
0 0.4388021 0.7761719 0.1411458 0.1195313
5 0.3419271 0.4175781 0.1005208 0.1101562
5 0.3544271 0.4980469 0.1109375 0.1554687
4 0.4960938 0.8050781 0.1328125 0.0976562
5 0.6289062 0.7109375 0.0901042 0.1296875
3 0.5940104 0.4003906 0.1286458 0.1117188
0 0.4757812 0.3078125 0.0911458 0.1015625
1 0.5812500 0.4851563 0.1437500 0.1171875
3 0.2898438 0.6726562 0.1244792 0.1375000
3 0.2992187 0.6343750 0.0984375 0.1062500
2 0.5687500 0.8078125 0.0968750 0.1078125
1 0.7716146 0.8003906 0.0994792 0.1054688
1 0.6833333 0.7140625 0.0687500 0.1140625
3 0.5169271 0.0558594 0.1130208 0.1117188
3 0.5565104 0.4195313 0.0838542 0.1484375
1 0.3000000 0.6136719 0.1104167 0.0945312
1 0.7226562 0.5234375 0.1390625 0.0984375
3 0.3703125 0.3972656 0.0625000 0.1367188
5 0.5505208 0.3769531 0.1510417 0.1070312
3 0.3695312 0.7894531 0.1369792 0.1679688
1 0.3598958 0.3820312 0.0729167 0.2203125
3 0.8489583 0.5515625 0.1250000 0.1421875
1 0.7875000 0.5511719 0.0739583 0.1195313
3 0.1809896 0.8199219 0.0869792 0.1570313
3 0.4187500 0.5171875 0.1000000 0.1765625
0 0.6822917 0.6597656 0.1166667 0.1351563
3 0.5338542 0.5054688 0.1197917 0.1625000
4 0.3166667 0.5167969 0.1229167 0.0835937
4 0.7309896 0.3984375 0.1380208 0.1140625
3 0.8604167 0.4738281 0.1114583 0.1757812
2 0.6393229 0.8761719 0.0828125 0.1179687
1 0.4065104 0.5828125 0.1526042 0.1031250
0 0.3104167 0.9175781 0.0822917 0.1632812
1 0.4065104 0.9183594 0.0765625 0.1617187
3 0.4132812 0.2750000 0.1484375 0.0875000
0 0.5255208 0.5531250 0.1395833 0.0968750
8 0.5041667 0.2675781 0.0937500 0.2054688
8 0.7429687 0.5617188 0.1286458 0.1312500
7 0.6778646 0.6609375 0.1161458 0.1796875
10 0.4354167 0.3687500 0.1500000 0.2359375
8 0.4401042 0.2515625 0.0843750 0.1921875
10 0.5841146 0.0820312 0.0911458 0.1640625
11 0.2432292 0.3539062 0.1520833 0.1500000
11 0.2320312 0.2640625 0.1411458 0.1640625
10 0.5489583 0.5925781 0.0989583 0.1210938
7 0.3281250 0.4488281 0.1250000 0.2132813
7 0.4916667 0.4144531 0.1020833 0.1492188
7 0.5036458 0.2503906 0.1510417 0.1445312
11 0.5414062 0.2085937 0.1088542 0.1906250
8 0.4705729 0.1515625 0.1307292 0.1843750
8 0.6601562 0.4714844 0.1421875 0.2085937
