4 0.4343750 0.3839844 0.0239583 0.0710937
5 0.5497396 0.5332031 0.0442708 0.0445313
5 0.3354167 0.3285156 0.0489583 0.0398437
3 0.3531250 0.2933594 0.0322917 0.0585938
4 0.6343750 0.3597656 0.0291667 0.0789062
5 0.7328125 0.6558594 0.0479167 0.0507812
3 0.5085937 0.6562500 0.0244792 0.0562500
1 0.5080729 0.4710937 0.0317708 0.0343750
4 0.7304688 0.3148437 0.0328125 0.0812500
5 0.4575521 0.1480469 0.0505208 0.0351562
0 0.7179688 0.2468750 0.0557292 0.0390625
2 0.4000000 0.7300781 0.0343750 0.0476562
0 0.5869792 0.2097656 0.0510417 0.0476562
0 0.7473958 0.5210938 0.0260417 0.0781250
1 0.2513021 0.4707031 0.0348958 0.0382813
0 0.3994792 0.4085937 0.0385417 0.0437500
4 0.5932292 0.5304688 0.0458333 0.0468750
5 0.6536458 0.2851562 0.0531250 0.0375000
4 0.5687500 0.6480469 0.0281250 0.0351562
4 0.5554687 0.1218750 0.0463542 0.0562500
0 0.7416667 0.6445312 0.0364583 0.0390625
2 0.5750000 0.4316406 0.0322917 0.0429688
0 0.6203125 0.5730469 0.0416667 0.0632812
2 0.6697917 0.4171875 0.0281250 0.0781250
1 0.5059896 0.7070312 0.0380208 0.0718750
2 0.5070313 0.7261719 0.0328125 0.0320312
2 0.3229167 0.1890625 0.0489583 0.0406250
3 0.5570312 0.5617188 0.0223958 0.0359375
0 0.3606771 0.7355469 0.0223958 0.0742188
4 0.3049479 0.6464844 0.0494792 0.0367188
1 0.4307292 0.5976562 0.0250000 0.0796875
2 0.6369792 0.4507813 0.0343750 0.0750000
5 0.2869792 0.6285156 0.0489583 0.0414062
2 0.6015625 0.1062500 0.0312500 0.0578125
2 0.3445313 0.2425781 0.0484375 0.0335937
1 0.3164062 0.2097656 0.0515625 0.0351562
0 0.6596354 0.4105469 0.0546875 0.0351562
4 0.5361979 0.6433594 0.0484375 0.0382813
5 0.6640625 0.7019531 0.0281250 0.0507812
5 0.5174479 0.2253906 0.0317708 0.0570312
4 0.5067708 0.3460937 0.0364583 0.0484375
1 0.7000000 0.4914062 0.0458333 0.0421875
0 0.4942708 0.3992188 0.0437500 0.0296875
2 0.4958333 0.6562500 0.0260417 0.0515625
0 0.7153646 0.3152344 0.0505208 0.0351562
4 0.3979167 0.3671875 0.0291667 0.0484375
1 0.5145833 0.2496094 0.0260417 0.0804688
3 0.6104167 0.3296875 0.0395833 0.0656250
0 0.6205729 0.5937500 0.0546875 0.0406250
1 0.6018229 0.3367188 0.0307292 0.0375000
2 0.4192708 0.7210937 0.0322917 0.0828125
2 0.6000000 0.4015625 0.0343750 0.0656250
0 0.7307292 0.5058594 0.0531250 0.0429688
3 0.4885417 0.7582031 0.0416667 0.0414062
5 0.4528646 0.5097656 0.0255208 0.0429688
2 0.4661458 0.2636719 0.0302083 0.0695313
4 0.6830729 0.6316406 0.0505208 0.0273438
5 0.4091146 0.7597656 0.0255208 0.0726563
3 0.3151042 0.3617187 0.0447917 0.0437500
2 0.3721354 0.4035156 0.0296875 0.0648438
3 0.6281250 0.3820312 0.0302083 0.0796875
3 0.3867188 0.8367187 0.0473958 0.0328125
4 0.5614583 0.2496094 0.0333333 0.0492187
3 0.7075521 0.5527344 0.0338542 0.0570312
3 0.7260417 0.6785156 0.0500000 0.0335937
4 0.6299479 0.3269531 0.0307292 0.0414062
3 0.4432292 0.7562500 0.0437500 0.0500000
4 0.2567708 0.4738281 0.0250000 0.0398437
2 0.5791667 0.4578125 0.0437500 0.0343750
0 0.4101562 0.5988281 0.0244792 0.0304687
1 0.4716146 0.2839844 0.0505208 0.0398437
2 0.5981771 0.2375000 0.0317708 0.0671875
8 0.6973958 0.4527344 0.0343750 0.0757812
6 0.6135417 0.5960937 0.0479167 0.0671875
9 0.7500000 0.4070313 0.0479167 0.0484375
6 0.4359375 0.8617187 0.0468750 0.0468750
6 0.7609375 0.2878906 0.0510417 0.0601563
8 0.6026042 0.6472656 0.0489583 0.0523438
9 0.2950521 0.4300781 0.0484375 0.0476562
6 0.7140625 0.5769531 0.0531250 0.0507812
9 0.4276042 0.2324219 0.0416667 0.0523438
11 0.6236979 0.7308594 0.0473958 0.0460938
8 0.5453125 0.6468750 0.0458333 0.0640625
8 0.5867187 0.2488281 0.0453125 0.0710937
8 0.3664062 0.5691406 0.0494792 0.0523438
6 0.5419271 0.1539062 0.0348958 0.0703125
7 0.4653646 0.4199219 0.0296875 0.0617188
8 0.7916667 0.2355469 0.0500000 0.0492187
7 0.7018229 0.5382813 0.0421875 0.0734375
