3 0.6106771 0.7363281 0.0348958 0.0320312
4 0.6231771 0.2835937 0.0286458 0.0375000
3 0.4632812 0.4136719 0.0234375 0.0492187
5 0.5994792 0.1222656 0.0281250 0.0351562
1 0.6239583 0.3210938 0.0333333 0.0250000
3 0.5005208 0.8878906 0.0177083 0.0507812
1 0.7322917 0.4347656 0.0385417 0.0210938
1 0.7445312 0.6863281 0.0348958 0.0289063
1 0.3281250 0.6289062 0.0270833 0.0437500
3 0.4018229 0.2347656 0.0348958 0.0320312
2 0.2934896 0.4421875 0.0348958 0.0296875
5 0.6971354 0.5082031 0.0369792 0.0273438
4 0.3760417 0.6726562 0.0197917 0.0421875
5 0.4085937 0.3929687 0.0203125 0.0281250
3 0.7875000 0.3699219 0.0333333 0.0335937
2 0.6554688 0.7039062 0.0151042 0.0375000
3 0.2885417 0.3671875 0.0302083 0.0328125
2 0.7434896 0.5824219 0.0255208 0.0335937
1 0.6958333 0.6023437 0.0354167 0.0281250
3 0.5328125 0.5128906 0.0260417 0.0289063
1 0.6140625 0.3996094 0.0364583 0.0257812
1 0.2986979 0.2832031 0.0359375 0.0273438
1 0.4869792 0.8554688 0.0197917 0.0437500
3 0.5955729 0.5148438 0.0390625 0.0250000
4 0.2856771 0.3031250 0.0234375 0.0531250
3 0.5559896 0.9910156 0.0161458 0.0164063
3 0.6705729 0.7839844 0.0359375 0.0273438
5 0.6049479 0.3359375 0.0369792 0.0296875
0 0.5598958 0.4046875 0.0343750 0.0281250
1 0.4361979 0.4074219 0.0171875 0.0289063
3 0.5921875 0.2058594 0.0260417 0.0507812
1 0.3609375 0.8214844 0.0166667 0.0304687
2 0.3882813 0.7621094 0.0182292 0.0335937
4 0.2908854 0.7769531 0.0140625 0.0507812
3 0.2864583 0.4140625 0.0218750 0.0421875
1 0.4471354 0.0578125 0.0213542 0.0500000
4 0.6140625 0.8261719 0.0260417 0.0507812
5 0.5203125 0.0562500 0.0281250 0.0343750
3 0.5231771 0.5417969 0.0234375 0.0226562
5 0.3794271 0.3535156 0.0161458 0.0445313
4 0.7841146 0.4187500 0.0286458 0.0406250
5 0.4302083 0.6144531 0.0281250 0.0273438
1 0.5445313 0.3906250 0.0171875 0.0453125
4 0.4007812 0.4324219 0.0369792 0.0273438
3 0.6265625 0.6664062 0.0135417 0.0390625
2 0.6070313 0.3808594 0.0348958 0.0257812
4 0.6122396 0.4769531 0.0223958 0.0492187
4 0.7286458 0.5546875 0.0333333 0.0265625
5 0.3421875 0.6273437 0.0208333 0.0296875
0 0.4895833 0.9125000 0.0291667 0.0437500
0 0.2950521 0.3675781 0.0192708 0.0539063
1 0.6880208 0.3441406 0.0395833 0.0304687
3 0.4729167 0.6058594 0.0291667 0.0414062
4 0.4859375 0.5093750 0.0302083 0.0359375
1 0.6450521 0.3097656 0.0359375 0.0414062
0 0.7192708 0.4214844 0.0343750 0.0367188
1 0.5427083 0.5812500 0.0187500 0.0359375
4 0.5083333 0.7000000 0.0229167 0.0203125
3 0.4453125 0.4535156 0.0239583 0.0382813
1 0.4653646 0.1144531 0.0265625 0.0476562
5 0.3968750 0.5339844 0.0187500 0.0523438
3 0.6796875 0.6343750 0.0354167 0.0265625
1 0.2656250 0.6921875 0.0260417 0.0421875
4 0.5059896 0.1972656 0.0348958 0.0257812
0 0.5729167 0.2136719 0.0229167 0.0570312
4 0.6848958 0.4550781 0.0166667 0.0570312
1 0.4588542 0.4273438 0.0145833 0.0375000
3 0.3880208 0.4988281 0.0156250 0.0523438
2 0.6601562 0.5140625 0.0161458 0.0328125
4 0.6937500 0.6566406 0.0229167 0.0320312
1 0.4726562 0.4136719 0.0265625 0.0367188
5 0.6502604 0.4777344 0.0359375 0.0335937
3 0.4343750 0.6300781 0.0260417 0.0367188
11 0.5877604 0.6929688 0.0307292 0.0406250
8 0.6447917 0.0855469 0.0354167 0.0351562
