0 0.3463542 0.5015625 0.0270833 0.0281250
5 0.3421875 0.6382813 0.0197917 0.0328125
1 0.6432292 0.4003906 0.0333333 0.0304687
3 0.5046875 0.1730469 0.0166667 0.0476562
1 0.5934896 0.6167969 0.0296875 0.0367188
0 0.2403646 0.6007813 0.0255208 0.0234375
5 0.4039063 0.4535156 0.0192708 0.0382813
0 0.6364583 0.7046875 0.0145833 0.0484375
1 0.3052083 0.5773438 0.0177083 0.0343750
5 0.6078125 0.5539063 0.0343750 0.0312500
0 0.5221354 0.5675781 0.0213542 0.0273438
0 0.5593750 0.3933594 0.0322917 0.0210938
5 0.4848958 0.1375000 0.0197917 0.0484375
5 0.5013021 0.7703125 0.0338542 0.0406250
4 0.3596354 0.6765625 0.0348958 0.0250000
1 0.2888021 0.6632813 0.0276042 0.0375000
0 0.4757812 0.3250000 0.0286458 0.0265625
2 0.4250000 0.6339844 0.0312500 0.0226562
0 0.6283854 0.2089844 0.0151042 0.0242188
4 0.5041667 0.7296875 0.0322917 0.0312500
0 0.3953125 0.7070312 0.0208333 0.0468750
4 0.6497396 0.8558594 0.0328125 0.0289063
9 0.4661458 0.5734375 0.0197917 0.0359375
6 0.4617188 0.2234375 0.0296875 0.0406250
8 0.6309896 0.4351563 0.0223958 0.0484375
11 0.2653646 0.5214844 0.0328125 0.0304687
7 0.6356771 0.5488281 0.0328125 0.0382813
8 0.5658854 0.4890625 0.0317708 0.0437500
9 0.5322917 0.4292969 0.0281250 0.0445313
9 0.5385417 0.3996094 0.0302083 0.0335937
10 0.6919271 0.5550781 0.0286458 0.0320312
7 0.7065104 0.3242188 0.0328125 0.0312500
11 0.4786458 0.1500000 0.0260417 0.0468750
9 0.6151042 0.3335938 0.0333333 0.0484375
7 0.6059896 0.4707031 0.0307292 0.0335937
11 0.7533854 0.5199219 0.0348958 0.0429688
10 0.5760417 0.6917969 0.0197917 0.0320312
8 0.3052083 0.4859375 0.0302083 0.0343750
6 0.4070313 0.3140625 0.0203125 0.0359375
11 0.4174479 0.1769531 0.0338542 0.0398437
10 0.2778646 0.2746094 0.0276042 0.0445313
