1 0.6158854 0.4875000 0.0390625 0.0281250
4 0.7028646 0.6011719 0.0380208 0.0367188
4 0.6057292 0.5484375 0.0239583 0.0359375
0 0.6151042 0.8167969 0.0395833 0.0382813
0 0.2757812 0.4175781 0.0369792 0.0351562
5 0.3890625 0.4710937 0.0395833 0.0375000
1 0.6869792 0.6882812 0.0447917 0.0343750
3 0.5156250 0.3105469 0.0416667 0.0273438
5 0.6203125 0.3218750 0.0229167 0.0359375
1 0.6596354 0.6960937 0.0369792 0.0437500
3 0.3255208 0.8273438 0.0416667 0.0281250
5 0.5351562 0.9226562 0.0296875 0.0578125
3 0.3018229 0.4371094 0.0192708 0.0617188
3 0.5434896 0.5359375 0.0234375 0.0296875
5 0.6895833 0.7738281 0.0218750 0.0289063
1 0.2664063 0.2195313 0.0307292 0.0296875
3 0.6023437 0.2066406 0.0463542 0.0273438
1 0.7505208 0.6156250 0.0385417 0.0281250
1 0.6210938 0.5312500 0.0421875 0.0312500
1 0.4005208 0.8367187 0.0302083 0.0562500
2 0.7356771 0.5949219 0.0244792 0.0523438
1 0.5335937 0.3949219 0.0192708 0.0304687
3 0.7632813 0.3792969 0.0390625 0.0460938
1 0.5369792 0.5117188 0.0250000 0.0546875
0 0.5843750 0.4269531 0.0406250 0.0273438
3 0.4210937 0.3589844 0.0286458 0.0398437
5 0.3145833 0.7058594 0.0406250 0.0445313
5 0.5153646 0.4742188 0.0223958 0.0500000
0 0.4229167 0.7171875 0.0239583 0.0359375
5 0.5059896 0.8019531 0.0317708 0.0414062
1 0.5161458 0.7972656 0.0385417 0.0273438
0 0.3460937 0.7054687 0.0421875 0.0390625
1 0.5984375 0.3230469 0.0375000 0.0289063
4 0.5807292 0.8242188 0.0208333 0.0546875
1 0.3151042 0.5074219 0.0281250 0.0460938
5 0.4151042 0.8687500 0.0416667 0.0296875
3 0.5473958 0.6855469 0.0427083 0.0335937
4 0.6020833 0.4656250 0.0354167 0.0296875
5 0.6315104 0.5351562 0.0255208 0.0421875
5 0.4507813 0.2585938 0.0359375 0.0281250
5 0.6747396 0.2312500 0.0359375 0.0359375
2 0.3981771 0.4035156 0.0276042 0.0476562
1 0.7101563 0.3675781 0.0390625 0.0492187
3 0.5778646 0.1582031 0.0296875 0.0679687
4 0.6593750 0.5937500 0.0395833 0.0312500
2 0.5041667 0.6625000 0.0250000 0.0625000
0 0.6489583 0.4488281 0.0229167 0.0601563
11 0.6072917 0.4511719 0.0427083 0.0414062
6 0.7489583 0.6964844 0.0270833 0.0398437
11 0.5104167 0.3378906 0.0322917 0.0664062
9 0.3263021 0.6539063 0.0421875 0.0406250
10 0.5083333 0.5937500 0.0281250 0.0625000
8 0.7130208 0.3527344 0.0427083 0.0445313
9 0.2294271 0.6863281 0.0317708 0.0601563
11 0.7023438 0.7625000 0.0442708 0.0421875
10 0.5710937 0.4226563 0.0401042 0.0515625
11 0.2700521 0.4589844 0.0401042 0.0523438
8 0.4705729 0.4964844 0.0421875 0.0429688
10 0.4768229 0.6972656 0.0359375 0.0554687
11 0.3976562 0.5089844 0.0338542 0.0492187
11 0.4731771 0.0992187 0.0380208 0.0375000
10 0.6567708 0.5808594 0.0270833 0.0523438
