2 0.036039 0.916739 0.024675 0.072150
2 0.062500 0.863059 0.023052 0.067532
2 0.056331 0.822655 0.038636 0.044444
2 0.040097 0.746176 0.036688 0.053102
2 0.035714 0.721356 0.033117 0.057720
2 0.023539 0.700289 0.036688 0.053680
2 0.376786 0.583983 0.017857 0.063492
2 0.388636 0.622367 0.022727 0.067532
2 0.394643 0.569841 0.021104 0.062915
2 0.407630 0.587157 0.019156 0.062915
2 0.465260 0.746176 0.021429 0.066955
2 0.478896 0.750794 0.022727 0.069264
2 0.571753 0.897403 0.018182 0.065801
2 0.598214 0.867388 0.028247 0.055411
2 0.678247 0.984776 0.028571 0.030447
2 0.701299 0.984488 0.021429 0.031024
2 0.716396 0.989683 0.019156 0.020634
2 0.733929 0.969769 0.020455 0.060462
2 0.740909 0.995166 0.015584 0.009668
2 0.762987 0.990837 0.034416 0.018326
2 0.653247 0.581097 0.027922 0.050794
2 0.637987 0.545599 0.018831 0.065224
2 0.646266 0.508369 0.028896 0.064646
2 0.665097 0.557720 0.017857 0.055988
2 0.509655 0.571353 0.036056 0.037670
2 0.555537 0.608871 0.037252 0.031898
2 0.551094 0.549024 0.018455 0.062277
2 0.522300 0.556923 0.035714 0.037366
2 0.469156 0.295208 0.022727 0.048606
2 0.450957 0.271512 0.017430 0.057112
2 0.425325 0.278803 0.019481 0.052859
2 0.541353 0.253892 0.016405 0.054075
2 0.559211 0.253285 0.020677 0.052859
2 0.285714 0.061441 0.033151 0.025215
2 0.269822 0.035771 0.029392 0.037062
2 0.294856 0.038809 0.027854 0.037670
2 0.714542 0.067821 0.028879 0.040404
2 0.713260 0.035467 0.021873 0.040100
2 0.731887 0.062960 0.030075 0.036151
2 0.780774 0.245248 0.018351 0.057469
2 0.765951 0.228935 0.020327 0.055461
2 0.792984 0.217642 0.033456 0.041408
2 0.785079 0.191668 0.030068 0.027605
2 0.987355 0.978127 0.025290 0.038278
2 0.986415 0.938027 0.027170 0.045568
2 0.975991 0.894737 0.037081 0.045872
2 0.963431 0.925268 0.030075 0.043138
2 0.133040 0.172542 0.019326 0.053322
2 0.104746 0.153989 0.017780 0.054147
2 0.092455 0.194118 0.022573 0.050299
2 0.089208 0.057376 0.014224 0.049474
2 0.103741 0.044183 0.014533 0.050024
3 0.148010 0.095050 0.014257 0.049689
3 0.180054 0.089529 0.031762 0.028107
3 0.160997 0.062300 0.030068 0.040906
3 0.082439 0.285903 0.030491 0.038898
3 0.055689 0.269841 0.032891 0.041408
3 0.037267 0.404856 0.024562 0.055963
3 0.026821 0.394943 0.024562 0.045674
3 0.061618 0.521174 0.033456 0.032122
3 0.093097 0.544513 0.022727 0.048184
3 0.075169 0.565594 0.026115 0.051195
3 0.490858 0.911141 0.022727 0.068960
3 0.494617 0.872256 0.031271 0.058024
3 0.558954 0.727501 0.032468 0.046176
3 0.556220 0.685729 0.029392 0.050733
3 0.758886 0.531708 0.023582 0.053163
3 0.757604 0.477330 0.026828 0.037366
3 0.672676 0.312828 0.018968 0.054682
3 0.656528 0.318144 0.019822 0.055594
3 0.632348 0.297942 0.019651 0.053467
3 0.606374 0.226703 0.018626 0.047695
3 0.626111 0.208172 0.031442 0.028860
3 0.616029 0.186299 0.030759 0.036759
3 0.677632 0.178401 0.015550 0.052556
3 0.670711 0.152882 0.024265 0.042834
3 0.658749 0.139515 0.030417 0.040404
3 0.514952 0.108225 0.030588 0.038581
3 0.496326 0.132225 0.025803 0.031290
3 0.492908 0.159566 0.016234 0.048303
3 0.475991 0.174907 0.015550 0.055290
3 0.531895 0.006239 0.028266 0.012478
3 0.738254 0.174603 0.030749 0.032255
3 0.730328 0.149478 0.025974 0.034293
3 0.798415 0.112130 0.021581 0.047195
3 0.788961 0.090060 0.026356 0.035651
3 0.788293 0.042696 0.018144 0.040065
3 0.987586 0.689840 0.022918 0.063832
3 0.993793 0.667600 0.012414 0.056022
1 0.891425 0.163908 0.024637 0.053646
1 0.881016 0.130804 0.024446 0.042441
1 0.963713 0.085816 0.025592 0.032595
1 0.993411 0.111111 0.013178 0.023428
1 0.986249 0.080723 0.026738 0.039385
1 0.937643 0.057126 0.019290 0.039725
1 0.951108 0.060351 0.016807 0.035990
7 0.968487 0.110262 0.038579 0.048213
7 0.954927 0.026398 0.022154 0.050929
7 0.902788 0.011841 0.022154 0.023682
1 0.966387 0.056956 0.014897 0.042102
1 0.986249 0.059163 0.017189 0.025465
1 0.976795 0.043714 0.015470 0.031237
1 0.992074 0.027587 0.015852 0.051269
1 0.982143 0.012860 0.024255 0.025719
1 0.943086 0.022833 0.028648 0.032255
1 0.922078 0.018632 0.018335 0.037263
1 0.881684 0.005899 0.028457 0.011798
1 0.945283 0.008616 0.024255 0.017231
1 0.969156 0.019438 0.012032 0.023428
1 0.820665 0.369154 0.027120 0.053985
1 0.792494 0.341482 0.026165 0.058399
1 0.758499 0.344368 0.030367 0.037009
1 0.824389 0.461676 0.029221 0.046176
1 0.847689 0.445208 0.031895 0.047195
1 0.872517 0.482726 0.036478 0.033274
1 0.850554 0.493591 0.033040 0.042102
1 0.909186 0.567269 0.029603 0.038027
1 0.898491 0.606145 0.025401 0.051948
1 0.929335 0.637722 0.018717 0.056701
1 0.937739 0.543672 0.028266 0.039046
1 0.959129 0.564893 0.017953 0.057720
1 0.513846 0.426025 0.016234 0.053646
1 0.514897 0.375775 0.015661 0.050250
1 0.499427 0.393430 0.014897 0.047534
1 0.488350 0.363721 0.031322 0.038367
1 0.461134 0.358119 0.032659 0.031916
1 0.480328 0.395298 0.029412 0.041762
1 0.459989 0.392242 0.024255 0.045837
1 0.870942 0.924459 0.035390 0.034343
1 0.886932 0.849567 0.020617 0.060029
1 0.895049 0.807431 0.031981 0.046176
1 0.926705 0.808442 0.021266 0.058009
1 0.415237 0.081736 0.025278 0.042465
1 0.421266 0.057823 0.032699 0.030097
1 0.385436 0.366007 0.030148 0.051948
1 0.365260 0.379200 0.019481 0.050299
1 0.270756 0.289734 0.032236 0.036281
1 0.244898 0.258194 0.019481 0.057308
1 0.184021 0.229128 0.029917 0.032983
1 0.190515 0.195321 0.024814 0.047825
1 0.118146 0.394821 0.034632 0.036877
1 0.126353 0.358586 0.030123 0.043290
1 0.149351 0.624739 0.020202 0.063171
1 0.168741 0.645903 0.031205 0.041366
1 0.181006 0.615921 0.033009 0.035273
1 0.196519 0.638688 0.027237 0.063492
1 0.199946 0.683582 0.035173 0.031425
1 0.186057 0.723024 0.020743 0.067340
1 0.167569 0.682941 0.032107 0.054513