6 0.487388 0.793956 0.015984 0.059441
6 0.473089 0.652597 0.019855 0.037463
6 0.572927 0.574426 0.021229 0.045455
6 0.513674 0.536464 0.023601 0.038462
0 0.496316 0.778222 0.023601 0.029970
0 0.503497 0.752248 0.018981 0.036963
0 0.487200 0.745629 0.014610 0.044705
0 0.477960 0.685440 0.023102 0.021728
0 0.451673 0.660465 0.012238 0.047203
0 0.461101 0.657468 0.010614 0.039211
0 0.489635 0.550075 0.022727 0.021728
0 0.495629 0.526474 0.018981 0.019980
0 0.280282 0.316059 0.021853 0.024226
0 0.286526 0.305070 0.021853 0.027223
0 0.288649 0.287837 0.018606 0.021728
0 0.293144 0.278596 0.020854 0.027722
0 0.253291 0.286153 0.012022 0.039839
0 0.266629 0.260793 0.019919 0.024219
0 0.250527 0.246402 0.015093 0.030537
6 0.242761 0.261583 0.024658 0.033170
6 0.234951 0.266234 0.023254 0.034047
0 0.234205 0.241137 0.010179 0.036153
0 0.256230 0.238066 0.014918 0.030362
0 0.277773 0.653299 0.024658 0.030362
0 0.281415 0.634872 0.019656 0.028256
0 0.272508 0.626272 0.023605 0.028256
0 0.245876 0.529572 0.011408 0.036680
0 0.254739 0.529309 0.012636 0.039663
6 0.276983 0.602843 0.022727 0.033696
6 0.240128 0.497806 0.025360 0.033170
0 0.526564 0.639512 0.017316 0.035026
0 0.516726 0.630756 0.013971 0.038764
0 0.527351 0.614915 0.020858 0.028729
0 0.727956 0.479580 0.014696 0.043917
0 0.703648 0.488807 0.021446 0.030588
0 0.703349 0.471121 0.020335 0.022215
0 0.717233 0.451640 0.015977 0.031784
0 0.688611 0.468900 0.020933 0.028025
0 0.699675 0.454802 0.020677 0.020677
0 0.696941 0.439935 0.020848 0.018968
0 0.792798 0.801161 0.018497 0.042306
0 0.804063 0.804211 0.016234 0.048406
0 0.813607 0.794176 0.017611 0.038961
0 0.788272 0.772235 0.019481 0.032074
0 0.803817 0.758166 0.015152 0.046832
6 0.714778 0.488981 0.015742 0.056671
5 0.222857 0.175195 0.011169 0.029870
5 0.238571 0.192987 0.019481 0.030649
5 0.235455 0.181688 0.019740 0.026234
5 0.240649 0.164935 0.018701 0.020260
5 0.394351 0.140649 0.015195 0.030390
5 0.387662 0.117273 0.018961 0.027273
5 0.400065 0.108442 0.010519 0.031948
5 0.408312 0.126494 0.012727 0.033247
5 0.415779 0.121169 0.011818 0.031429
5 0.423506 0.138831 0.017403 0.023117
11 0.214545 0.172208 0.018701 0.037403
11 0.233117 0.149481 0.014026 0.035584
5 0.754481 0.601039 0.016494 0.036883
5 0.769026 0.589221 0.019610 0.037143
5 0.740519 0.584935 0.021818 0.034286
5 0.740260 0.565714 0.020519 0.024416
5 0.754870 0.562727 0.017013 0.039740
5 0.760065 0.536883 0.019610 0.035325
11 0.748896 0.535065 0.028701 0.035844
11 0.772727 0.571039 0.023117 0.034545
5 0.717273 0.262338 0.018701 0.033766
5 0.734026 0.267403 0.018961 0.029351
5 0.744416 0.276364 0.019221 0.021299
5 0.744805 0.252468 0.017143 0.029610
5 0.729805 0.250390 0.014416 0.025455
5 0.732727 0.223766 0.013247 0.032468
5 0.745519 0.234935 0.019351 0.026234
5 0.691494 0.417532 0.016494 0.027792
5 0.684481 0.405844 0.017792 0.030909
5 0.669286 0.406623 0.020390 0.030390
5 0.673117 0.388571 0.022338 0.025974
5 0.683117 0.384286 0.020519 0.024156
5 0.693831 0.392857 0.017013 0.023636
5 0.674026 0.375195 0.018701 0.025195
5 0.689091 0.348442 0.018701 0.031429
5 0.699740 0.358182 0.012987 0.035844
5 0.712857 0.359091 0.019221 0.034026
5 0.728571 0.368831 0.020260 0.022857
5 0.719870 0.384805 0.013766 0.044416
5 0.736039 0.406623 0.020130 0.030390
11 0.677727 0.340649 0.017792 0.036104
11 0.709351 0.339351 0.018961 0.034545
2 0.638312 0.490909 0.020519 0.031688
2 0.656299 0.483636 0.013636 0.042597
2 0.638052 0.469610 0.020000 0.036364
2 0.579675 0.464675 0.017532 0.030130
2 0.558636 0.468052 0.020909 0.029610
2 0.562987 0.485974 0.016364 0.035325
2 0.559740 0.521039 0.016883 0.035844
2 0.568961 0.513766 0.017143 0.038442
2 0.581753 0.383377 0.019351 0.026494
2 0.581364 0.360390 0.020390 0.023636
2 0.580714 0.346623 0.018831 0.025195
2 0.580844 0.331948 0.019870 0.023896
2 0.564416 0.337922 0.018701 0.023896
2 0.559545 0.286753 0.020130 0.025974
2 0.559351 0.263117 0.014286 0.032727
2 0.570714 0.264026 0.008442 0.030909
2 0.523571 0.338701 0.020130 0.023377
2 0.519156 0.314416 0.014156 0.036623
2 0.528377 0.315325 0.013636 0.033766
2 0.526753 0.292857 0.017662 0.023117
2 0.513701 0.274935 0.009481 0.036104
2 0.522532 0.258961 0.009740 0.040519
2 0.531494 0.270649 0.015714 0.031688
8 0.542143 0.265584 0.017273 0.038182
8 0.578506 0.285714 0.022987 0.036883
8 0.572078 0.494026 0.021818 0.032208
8 0.651234 0.538182 0.019610 0.036364
2 0.467532 0.352468 0.019221 0.025974
2 0.465195 0.328831 0.011948 0.032727
2 0.475519 0.323377 0.009481 0.028571
2 0.492922 0.336883 0.012597 0.034286
8 0.491688 0.324156 0.014026 0.042597
8 0.479675 0.331429 0.017013 0.054026
2 0.630260 0.193506 0.019740 0.023377
2 0.629610 0.175065 0.019740 0.022338
2 0.628766 0.158312 0.018052 0.021558
3 0.810252 0.683566 0.021104 0.036963
3 0.819243 0.675075 0.016109 0.042458
3 0.805382 0.653846 0.019605 0.025475
3 0.825924 0.645604 0.013736 0.046454
3 0.819868 0.624500 0.020854 0.021728
3 0.801199 0.627997 0.021978 0.030220
3 0.806319 0.608516 0.022478 0.024725
3 0.782655 0.621628 0.019855 0.031469
1 0.647290 0.315435 0.015609 0.041459
1 0.655719 0.308566 0.015984 0.033217
1 0.658154 0.288212 0.018856 0.031968
1 0.687188 0.297078 0.012737 0.035215
1 0.674575 0.283092 0.013736 0.030719
1 0.668207 0.271728 0.014486 0.026474
7 0.677135 0.298077 0.016109 0.034216
7 0.626936 0.237887 0.023601 0.035714
7 0.601086 0.253996 0.022103 0.040460
7 0.654845 0.205919 0.022228 0.039710
1 0.658779 0.180944 0.018357 0.026723
1 0.667083 0.177572 0.017483 0.028472
1 0.672015 0.164086 0.011114 0.019481
1 0.682942 0.165335 0.018731 0.024975
1 0.652597 0.148601 0.014486 0.029970
1 0.659840 0.142483 0.012987 0.035215
1 0.667270 0.139111 0.012363 0.032967
1 0.675387 0.137612 0.013112 0.034965
1 0.665834 0.118007 0.016484 0.027223
1 0.634865 0.262488 0.009990 0.034965
1 0.591284 0.236139 0.020729 0.026723
1 0.587787 0.208791 0.019730 0.025475
1 0.597840 0.201923 0.019356 0.029221
1 0.601149 0.185190 0.013736 0.035215
1 0.585914 0.188312 0.016484 0.024476
1 0.582355 0.175949 0.014860 0.029221
1 0.745629 0.796953 0.019481 0.038462
1 0.727023 0.768856 0.025724 0.032218
1 0.742882 0.755495 0.021229 0.026474
1 0.749938 0.736014 0.022103 0.027473
1 0.746878 0.708666 0.022478 0.037712
1 0.721216 0.739635 0.023851 0.030719
1 0.726461 0.727647 0.023352 0.033716
1 0.729146 0.701923 0.014735 0.041708
1 0.710539 0.702423 0.022977 0.024226
10 0.536401 0.808566 0.020604 0.056194
4 0.546141 0.784965 0.022353 0.027972
4 0.538836 0.757992 0.022228 0.031469
4 0.557505 0.765485 0.014860 0.044456
4 0.560564 0.728646 0.011239 0.045205
4 0.540210 0.736389 0.018981 0.035714
4 0.543831 0.722028 0.021479 0.031968
4 0.553134 0.702423 0.018357 0.032717
4 0.426511 0.326174 0.020105 0.029471
4 0.416021 0.294456 0.018856 0.025974
4 0.423951 0.287837 0.017483 0.024725
4 0.429570 0.276099 0.018482 0.023726
4 0.483267 0.277473 0.019980 0.024476
4 0.470717 0.251249 0.021104 0.027473
4 0.484765 0.248751 0.017483 0.029970
4 0.480395 0.220529 0.015485 0.034466
4 0.357580 0.194930 0.020604 0.025724
4 0.354271 0.180569 0.014735 0.026474
4 0.350400 0.174326 0.018981 0.026973
4 0.337916 0.313515 0.018364 0.022727
4 0.339489 0.292411 0.018669 0.023945
4 0.357346 0.289062 0.017045 0.022119
4 0.353592 0.313920 0.013190 0.029221
4 0.336039 0.281047 0.019481 0.024351
10 0.326705 0.324371 0.025568 0.035917
4 0.289211 0.191392 0.015984 0.019814
4 0.271853 0.188561 0.012071 0.031469
4 0.268648 0.165834 0.013154 0.022977
10 0.285673 0.198135 0.023060 0.037962
4 0.286713 0.174326 0.014819 0.023643
4 0.279887 0.154429 0.013653 0.033467
4 0.267940 0.146770 0.015568 0.023144
10 0.293831 0.166334 0.019231 0.030303
4 0.302947 0.184982 0.014153 0.028971
10 0.257368 0.178405 0.024892 0.037796
3 0.434482 0.210123 0.021146 0.019314
3 0.437146 0.196304 0.015651 0.021645
3 0.457209 0.198968 0.020313 0.020646
3 0.442890 0.185231 0.016317 0.024809
3 0.440185 0.178655 0.016400 0.023310
3 0.435023 0.158175 0.008075 0.028638
9 0.442183 0.223526 0.017399 0.034466
9 0.425991 0.175658 0.017150 0.042624
3 0.389486 0.422910 0.016733 0.031968
3 0.394522 0.410839 0.016983 0.029471
3 0.401973 0.400350 0.020896 0.028139
3 0.457418 0.437313 0.017899 0.031802
3 0.468365 0.424492 0.020147 0.020480
3 0.474650 0.383616 0.021062 0.020646
3 0.490551 0.411339 0.016900 0.032135
3 0.493631 0.395188 0.014236 0.033467
3 0.500167 0.386697 0.014153 0.039794
9 0.485556 0.429820 0.025058 0.034133
9 0.460082 0.407010 0.025558 0.039794
9 0.447344 0.398102 0.021229 0.033300
9 0.402639 0.382368 0.014902 0.035465
3 0.448884 0.555112 0.017982 0.035298
3 0.426906 0.579088 0.015818 0.043623
3 0.413878 0.580669 0.017066 0.041792
3 0.403263 0.569597 0.017816 0.033300
3 0.418457 0.546870 0.022394 0.028472
3 0.388362 0.537463 0.008991 0.044622
3 0.398310 0.529637 0.012571 0.043290
3 0.414169 0.525558 0.020147 0.028805
3 0.405761 0.495588 0.020646 0.037130
3 0.185773 0.815684 0.017399 0.043623
3 0.192974 0.800366 0.017649 0.040959
3 0.184524 0.766567 0.018565 0.043290
3 0.202922 0.788628 0.017066 0.040460
3 0.213869 0.783467 0.014319 0.043790
3 0.230519 0.784049 0.023976 0.039960
3 0.224567 0.756161 0.016567 0.053114
3 0.221737 0.725108 0.017566 0.037629
3 0.208333 0.723027 0.017399 0.035798
3 0.195679 0.751832 0.012737 0.042125
9 0.183691 0.726190 0.029554 0.036797
9 0.208458 0.753580 0.016650 0.033300
9 0.179945 0.461122 0.028388 0.033467
9 0.190185 0.434482 0.019564 0.034133
3 0.200882 0.447802 0.017816 0.031802
3 0.206752 0.436647 0.017066 0.030803
3 0.212621 0.423826 0.015818 0.033800
3 0.191600 0.420413 0.022228 0.023310
4 0.263029 0.403513 0.015901 0.035465
4 0.261738 0.373377 0.016983 0.026807
10 0.246795 0.384282 0.021728 0.041958
10 0.264028 0.375375 0.026890 0.036464
1 0.202589 0.369131 0.022061 0.025641
1 0.216658 0.368132 0.016900 0.032967
1 0.195721 0.356477 0.017649 0.034632
1 0.189685 0.334499 0.012571 0.031968
1 0.185023 0.318099 0.020729 0.033467
1 0.199342 0.299867 0.009907 0.036963
1 0.201424 0.332168 0.015401 0.028305
1 0.212121 0.343490 0.012488 0.032301
1 0.222777 0.338328 0.016151 0.036297
1 0.230852 0.310856 0.013653 0.034299
1 0.210415 0.317516 0.021728 0.025308
1 0.217241 0.294539 0.019730 0.025308
7 0.230686 0.333084 0.022311 0.043457
4 0.198801 0.661505 0.020646 0.041625
4 0.179321 0.661339 0.017982 0.039960
4 0.170246 0.651016 0.020313 0.035298
4 0.159091 0.629454 0.018981 0.032468
4 0.171079 0.618964 0.017316 0.035798
4 0.196553 0.647686 0.019314 0.032967
4 0.195097 0.628621 0.021395 0.035132
4 0.182776 0.614802 0.019231 0.033467
4 0.160465 0.598818 0.019064 0.037463
4 0.177115 0.586913 0.013570 0.044289