1 0.486052 0.303157 0.044501 0.027029
1 0.518389 0.302990 0.040347 0.026695
1 0.530850 0.296483 0.041534 0.025694
1 0.551320 0.292479 0.040941 0.025694
1 0.571790 0.286639 0.039161 0.024693
1 0.591964 0.281300 0.043907 0.022023
1 0.614214 0.275794 0.045687 0.022357
1 0.448968 0.273458 0.040347 0.027029
1 0.465285 0.265450 0.032634 0.027029
1 0.481899 0.260778 0.039754 0.025694
1 0.496732 0.254939 0.042127 0.026028
1 0.520763 0.250601 0.037974 0.024026
1 0.541233 0.247931 0.040941 0.023358
1 0.561703 0.242425 0.037974 0.026361
1 0.580097 0.238421 0.039161 0.027029
7 0.284910 0.334857 0.067048 0.037707
7 0.230322 0.341364 0.048061 0.046049
7 0.172471 0.357381 0.066454 0.040043
1 0.632014 0.947010 0.064674 0.046716
1 0.600270 0.956520 0.061707 0.048385
1 0.741189 0.855412 0.067048 0.043713
1 0.780350 0.847070 0.053994 0.047718
1 0.521356 0.857748 0.046281 0.045048
1 0.412181 0.802856 0.062894 0.042045
1 0.365604 0.819708 0.040941 0.047718
1 0.311610 0.811866 0.052807 0.044714
0 0.772043 0.993360 0.050434 0.013280
0 0.868164 0.992525 0.046874 0.014949
0 0.268593 0.726942 0.067641 0.043046
0 0.393788 0.684230 0.058147 0.048385
0 0.447485 0.714929 0.077728 0.039709
4 0.256726 0.879772 0.068828 0.048385
4 0.145178 0.888615 0.043907 0.052056
4 0.187305 0.857748 0.043907 0.051054
4 0.481306 0.825047 0.082474 0.038374
4 0.636761 0.802856 0.045687 0.043380
4 0.806457 0.690737 0.071794 0.028697
4 0.915038 0.664042 0.053994 0.039375
4 0.967845 0.670882 0.036194 0.040376
4 0.965974 0.725941 0.068052 0.022357
4 0.681855 0.671383 0.044501 0.040043
4 0.653078 0.675053 0.046281 0.042045
4 0.625487 0.683562 0.044501 0.041044
4 0.597007 0.685064 0.048061 0.040710
4 0.278383 0.591464 0.056367 0.032368
4 0.242782 0.574112 0.052807 0.043046
4 0.186712 0.602810 0.056961 0.036372
0 0.831080 0.365557 0.032040 0.033703
0 0.731992 0.536405 0.066454 0.020355
4 0.808533 0.979345 0.064081 0.041310
4 0.862231 0.944341 0.078914 0.035371