5 0.497419 0.527042 0.011930 0.009090
5 0.497845 0.519819 0.010591 0.008278
5 0.494741 0.516004 0.011200 0.006168
5 0.492550 0.511216 0.009982 0.007629
5 0.456576 0.516897 0.008400 0.008927
5 0.473985 0.520468 0.009617 0.008603
5 0.467228 0.519332 0.007791 0.007954
5 0.465220 0.512596 0.008400 0.008765
5 0.474715 0.512839 0.008643 0.008278
5 0.603026 0.577198 0.011078 0.011362
5 0.606313 0.577522 0.007669 0.008116
5 0.611426 0.579470 0.012539 0.009090
5 0.615018 0.583285 0.010956 0.008927
5 0.620131 0.584908 0.010469 0.010875
5 0.625548 0.587586 0.010591 0.011038
5 0.631513 0.590345 0.009617 0.010388
5 0.637539 0.592212 0.012661 0.010551
5 0.622017 0.562670 0.008887 0.010551
5 0.628835 0.561940 0.010104 0.006817
5 0.631939 0.565592 0.010226 0.010226
5 0.638391 0.566404 0.010713 0.008927
5 0.642104 0.568920 0.009861 0.009414
5 0.645939 0.572247 0.010469 0.011849
5 0.527427 0.518926 0.007913 0.009090
5 0.532236 0.521199 0.006087 0.009414
5 0.537288 0.522578 0.007669 0.010551
5 0.542584 0.523714 0.008522 0.010226
5 0.545749 0.524770 0.006087 0.006817
5 0.550253 0.526961 0.008278 0.007629
5 0.536375 0.512920 0.006330 0.008765
5 0.542158 0.513083 0.006939 0.008116
5 0.545505 0.514057 0.005843 0.007467
5 0.549949 0.513894 0.007669 0.008440
5 0.556097 0.513732 0.008035 0.009090
5 0.561088 0.514138 0.005356 0.008927
5 0.447568 0.631736 0.009861 0.013635
5 0.453533 0.631330 0.008887 0.013148
5 0.459011 0.631817 0.011809 0.014771
5 0.465950 0.632223 0.010348 0.014608
5 0.472828 0.633278 0.009739 0.015095
5 0.477698 0.633765 0.009739 0.013472
5 0.483906 0.636606 0.010469 0.013310
5 0.488228 0.638472 0.010348 0.015745
5 0.493645 0.639852 0.010469 0.015258
5 0.500097 0.640339 0.008765 0.013959
5 0.507280 0.642855 0.010713 0.015420
5 0.511845 0.645046 0.012052 0.017855
5 0.478611 0.666147 0.012782 0.014933
5 0.486706 0.666472 0.011200 0.016232
5 0.492976 0.667446 0.013756 0.016232
5 0.499306 0.671991 0.015217 0.014933
5 0.503871 0.674507 0.011930 0.015095
5 0.530775 0.673533 0.014852 0.012823
5 0.532966 0.677428 0.013391 0.011524
5 0.535401 0.680350 0.013878 0.011200
5 0.539966 0.684814 0.015217 0.010713
5 0.544714 0.692929 0.024956 0.017855
5 0.590427 0.668095 0.009009 0.012985
5 0.598400 0.667852 0.009130 0.015095
5 0.606618 0.668501 0.010956 0.017368
5 0.613313 0.671179 0.009496 0.015258
5 0.618852 0.673208 0.008643 0.015095
5 0.626339 0.672721 0.008765 0.014771
0 0.371299 0.615586 0.013878 0.011524
0 0.376351 0.619968 0.015217 0.010875
0 0.380247 0.624188 0.014730 0.012823
0 0.388099 0.629707 0.017287 0.014771
0 0.391508 0.606334 0.013148 0.011524
0 0.391934 0.599354 0.012782 0.005356
0 0.385360 0.598461 0.011322 0.012011
0 0.381890 0.594484 0.012417 0.008927
0 0.379334 0.590914 0.015582 0.008278
0 0.374951 0.589940 0.011200 0.009577
0 0.461020 0.568838 0.008035 0.012823
0 0.466498 0.568433 0.005356 0.011362
0 0.472037 0.568595 0.006696 0.011038
0 0.478611 0.566728 0.010104 0.017043
0 0.562305 0.544491 0.011200 0.015420
0 0.529010 0.563076 0.007183 0.019478
0 0.469176 0.529071 0.007304 0.008603
0 0.477332 0.533291 0.010713 0.008927
0 0.464367 0.528827 0.009374 0.015258
0 0.455420 0.526068 0.005843 0.012661
0 0.520914 0.580931 0.005356 0.011687
0 0.529862 0.584502 0.011322 0.008765
0 0.528280 0.580525 0.010348 0.006330
0 0.536558 0.591482 0.006939 0.011687
0 0.537836 0.600815 0.015095 0.006655
0 0.529862 0.595053 0.010591 0.009414
0 0.505454 0.592293 0.013148 0.011687
0 0.514280 0.600084 0.014000 0.013310
0 0.524871 0.600490 0.012539 0.012498
0 0.575209 0.633116 0.009252 0.015745
0 0.582027 0.628571 0.008035 0.012823
0 0.585131 0.636768 0.013756 0.014933
0 0.593348 0.633603 0.007548 0.013797
0 0.587322 0.628652 0.005722 0.009739
0 0.600531 0.639446 0.008035 0.014446
0 0.598583 0.628571 0.008278 0.013472
0 0.606983 0.634090 0.008278 0.012823
0 0.614591 0.630275 0.010591 0.021426
0 0.607226 0.728720 0.013148 0.020290
0 0.616783 0.726529 0.012782 0.019153
0 0.624757 0.731399 0.012417 0.014608
0 0.629322 0.734077 0.011565 0.015745
0 0.638026 0.738954 0.019478 0.024200
0 0.472524 0.696500 0.015704 0.014284
0 0.474411 0.702912 0.014608 0.014122
0 0.482567 0.701289 0.012174 0.011849
0 0.485428 0.706239 0.016922 0.013635
0 0.488654 0.712489 0.015826 0.016394
0 0.503080 0.716060 0.025443 0.023861
0 0.315117 0.741056 0.017895 0.019640
0 0.327717 0.742517 0.019721 0.016719
0 0.336056 0.750390 0.019843 0.017530
4 0.412325 0.591644 0.009252 0.011038
4 0.419933 0.586369 0.012295 0.017693
4 0.439411 0.607389 0.008643 0.014933
4 0.434237 0.610310 0.008278 0.012661
4 0.430281 0.611528 0.006939 0.013148
4 0.423890 0.612989 0.009009 0.011200
4 0.419751 0.614693 0.008035 0.010713
4 0.414394 0.612177 0.012661 0.023536
4 0.536923 0.633927 0.015217 0.012498
4 0.538810 0.638635 0.013391 0.010875
4 0.543253 0.644072 0.014000 0.009414
4 0.548549 0.649266 0.023130 0.016232
4 0.551045 0.657058 0.026174 0.020777
4 0.429246 0.720848 0.012417 0.016556
4 0.435150 0.722958 0.014974 0.014284
4 0.439168 0.724338 0.014000 0.015095
4 0.446350 0.727909 0.014974 0.016394
4 0.453776 0.728883 0.015948 0.018666
4 0.460228 0.733184 0.017652 0.017855
4 0.592253 0.653000 0.007548 0.014608
4 0.599253 0.652837 0.006209 0.013635
4 0.603513 0.653081 0.008887 0.014446
4 0.608444 0.653487 0.010226 0.015258
4 0.613922 0.652026 0.007791 0.016556
4 0.619522 0.650646 0.009009 0.018666
4 0.630174 0.653568 0.014243 0.015745
4 0.552262 0.581256 0.013513 0.008116
4 0.544045 0.583934 0.010956 0.008603
4 0.547088 0.588479 0.011687 0.006980
4 0.547210 0.590832 0.011687 0.007467
4 0.549401 0.599679 0.013635 0.009577
4 0.556097 0.599516 0.014365 0.010226
4 0.565836 0.605684 0.014608 0.006330
4 0.558714 0.586693 0.009617 0.011200
4 0.562366 0.587911 0.011565 0.007142
4 0.564923 0.595864 0.011565 0.010388
4 0.571375 0.590832 0.009861 0.011687
4 0.596940 0.524364 0.006209 0.008603
4 0.602905 0.524526 0.005965 0.011200
4 0.607470 0.524283 0.006087 0.011038
4 0.612705 0.525175 0.004869 0.010875
4 0.618244 0.525013 0.005722 0.013472
4 0.622687 0.525743 0.006330 0.011687
4 0.627191 0.524851 0.004383 0.010875
4 0.631939 0.527448 0.005113 0.012174
4 0.637417 0.527123 0.006574 0.012498
4 0.623235 0.509512 0.007183 0.012336
4 0.600957 0.517465 0.007913 0.010713
4 0.605765 0.514868 0.006574 0.009739
4 0.610331 0.513570 0.006209 0.010388
4 0.614226 0.513407 0.007183 0.006817
4 0.617574 0.511865 0.006087 0.007629
4 0.508619 0.512839 0.008035 0.008278
4 0.511845 0.511460 0.004991 0.010388
4 0.516532 0.512028 0.005600 0.007629
4 0.520610 0.509755 0.004261 0.007304
4 0.524932 0.509593 0.004383 0.003409
4 0.520610 0.503181 0.005478 0.007142
4 0.525723 0.502451 0.006696 0.006006
4 0.526697 0.507320 0.008156 0.009252
4 0.530836 0.507483 0.006209 0.008927
4 0.535766 0.505697 0.004869 0.008603
4 0.539784 0.505048 0.006087 0.009252
4 0.544105 0.504480 0.006452 0.007791
4 0.410925 0.755178 0.029339 0.020290
2 0.641861 0.661359 0.013756 0.010875
2 0.644113 0.672396 0.015339 0.013148
2 0.658234 0.658275 0.015826 0.007954
2 0.659452 0.665823 0.017774 0.008440
2 0.658782 0.673857 0.016191 0.011200
2 0.665539 0.679051 0.014365 0.011524
2 0.662434 0.684976 0.015461 0.008440
2 0.664078 0.692118 0.017530 0.013635
2 0.667060 0.701857 0.018869 0.014284
2 0.660730 0.706808 0.015461 0.012498
2 0.662556 0.713706 0.018382 0.013310
2 0.662678 0.721173 0.016191 0.012985
2 0.573566 0.675399 0.014487 0.011362
2 0.579835 0.681730 0.013391 0.015907
2 0.591766 0.681892 0.011687 0.017855
2 0.602722 0.694553 0.013391 0.024347
2 0.357360 0.696095 0.010591 0.017368
2 0.353404 0.710460 0.010713 0.019153
2 0.365395 0.710703 0.011322 0.019640
2 0.377751 0.702831 0.009739 0.019803
2 0.388038 0.710216 0.010104 0.018991
2 0.379151 0.723770 0.011078 0.020452
2 0.486767 0.586287 0.006696 0.012011
2 0.471976 0.584096 0.009252 0.008603
2 0.477454 0.590508 0.008765 0.012011
2 0.464185 0.591076 0.013391 0.011200
2 0.460654 0.599435 0.012904 0.013959
2 0.469115 0.609012 0.014487 0.011362
2 0.477211 0.601464 0.013391 0.014122
2 0.595418 0.612420 0.011930 0.014933
2 0.592374 0.591725 0.010226 0.013472
2 0.597731 0.589696 0.009009 0.013635
2 0.607531 0.594079 0.014487 0.021101
2 0.593044 0.577035 0.005965 0.010064
2 0.585496 0.577198 0.004991 0.011687
2 0.580322 0.576792 0.005356 0.013797
2 0.574844 0.578009 0.005600 0.010064
2 0.571862 0.569001 0.010348 0.009577
2 0.567844 0.574114 0.009861 0.011362
2 0.562366 0.575818 0.007913 0.011849
2 0.554210 0.575412 0.008156 0.012011
2 0.581418 0.611609 0.008035 0.013959
2 0.571862 0.612583 0.008156 0.015258
2 0.566262 0.613800 0.007669 0.013148
2 0.560053 0.613151 0.007426 0.013148
2 0.553358 0.613232 0.006209 0.013310
2 0.546723 0.612664 0.007548 0.013797
2 0.537106 0.616884 0.013878 0.015095
2 0.570157 0.520874 0.009617 0.008765
2 0.571557 0.514219 0.007791 0.010388
2 0.575149 0.510486 0.004261 0.012985
2 0.582940 0.523714 0.011809 0.007954
2 0.584461 0.517628 0.008765 0.009414
2 0.591583 0.516654 0.008643 0.007467
2 0.583244 0.509999 0.009982 0.008765
2 0.431864 0.518115 0.010104 0.007791
2 0.427785 0.513651 0.005356 0.010226
2 0.421455 0.515599 0.005843 0.008603
2 0.414455 0.515031 0.007913 0.015907
4 0.215420 0.715182 0.015427 0.019065
4 0.231318 0.703768 0.011853 0.018312
4 0.224074 0.700632 0.009783 0.017058
4 0.184283 0.806743 0.024270 0.020068
4 0.124643 0.834838 0.024270 0.023078
4 0.133673 0.840733 0.018250 0.016807
4 0.130099 0.856914 0.017497 0.028096
4 0.150041 0.858669 0.020507 0.030604
4 0.157755 0.835591 0.028033 0.017058
4 0.122761 0.876229 0.026151 0.016556
5 0.781043 0.982616 0.028974 0.032561
5 0.815190 0.989238 0.020281 0.021523
11 0.748367 0.982432 0.034722 0.035136
0 0.369651 0.445959 0.011144 0.006368
0 0.382148 0.440440 0.012258 0.005094
2 0.656890 0.461444 0.009971 0.005770