1 0.852857 0.821299 0.015325 0.046234
1 0.837532 0.799740 0.029351 0.029610
1 0.853377 0.792857 0.018961 0.042338
1 0.833182 0.779481 0.023766 0.029610
1 0.850260 0.766494 0.023636 0.028571
1 0.827143 0.756753 0.025974 0.027273
1 0.837143 0.742727 0.023377 0.030909
1 0.852468 0.740649 0.024156 0.037143
1 0.850844 0.719610 0.024545 0.042857
0 0.779026 0.741039 0.016494 0.043636
0 0.764870 0.739740 0.019870 0.034805
0 0.771234 0.716623 0.019091 0.041558
0 0.788571 0.724935 0.014026 0.039481
0 0.783701 0.706104 0.020649 0.035584
3 0.847273 0.658961 0.021558 0.037403
3 0.854545 0.653896 0.016364 0.035584
3 0.858636 0.628831 0.017273 0.043636
3 0.848247 0.613766 0.016753 0.031169
3 0.835714 0.636364 0.016623 0.029091
3 0.833052 0.618182 0.015195 0.033247
3 0.820390 0.615974 0.014805 0.034026
3 0.834610 0.599610 0.021429 0.023117
5 0.785844 0.605325 0.017662 0.034545
5 0.799416 0.594286 0.020909 0.037403
5 0.783442 0.570779 0.017532 0.037662
5 0.770325 0.591948 0.022208 0.033247
5 0.769481 0.575455 0.021818 0.025714
5 0.689610 0.430000 0.020260 0.030390
5 0.704091 0.435065 0.015455 0.034286
5 0.715649 0.438701 0.013636 0.027532
5 0.727792 0.420260 0.009870 0.037403
5 0.712403 0.416234 0.018052 0.024675
5 0.692792 0.413636 0.020909 0.022597
5 0.696753 0.402208 0.018701 0.023636
5 0.697597 0.402468 0.014156 0.034026
5 0.716818 0.398701 0.018052 0.023896
5 0.720844 0.386234 0.017273 0.021299
5 0.707987 0.380519 0.013896 0.031688
5 0.701104 0.372597 0.013636 0.031429
5 0.694091 0.364286 0.013377 0.028831
5 0.725974 0.298701 0.019221 0.024416
5 0.734805 0.281299 0.010130 0.029091
5 0.740649 0.295325 0.011169 0.029610
5 0.753247 0.300909 0.019481 0.023117
5 0.753442 0.286234 0.015974 0.024935
5 0.744286 0.268961 0.015065 0.025714
5 0.778117 0.288442 0.014416 0.028312
5 0.787727 0.284545 0.012338 0.037662
11 0.839740 0.408961 0.022078 0.044935
11 0.775390 0.543247 0.026623 0.038182
11 0.685844 0.359610 0.019740 0.040260
11 0.710260 0.351688 0.013506 0.037922
0 0.733896 0.504545 0.019740 0.026234
0 0.755649 0.490000 0.013377 0.041818
0 0.730000 0.488961 0.020779 0.020000
0 0.714286 0.489091 0.019481 0.023896
0 0.717013 0.471948 0.021299 0.020779
0 0.721623 0.460649 0.022468 0.016364
0 0.733117 0.468182 0.015584 0.026753
6 0.745260 0.507662 0.018312 0.051169
2 0.682403 0.535195 0.017792 0.031948
2 0.669286 0.524675 0.021948 0.028571
2 0.674286 0.511948 0.018961 0.022338
2 0.684091 0.487532 0.015455 0.031688
2 0.666494 0.496883 0.023896 0.025455
8 0.689351 0.545195 0.025195 0.038961
8 0.688247 0.508831 0.015714 0.040519
2 0.653701 0.306494 0.020390 0.018701
2 0.652532 0.285714 0.020649 0.023896
2 0.653961 0.268701 0.018831 0.024156
2 0.604870 0.413636 0.018312 0.029870
2 0.584351 0.396883 0.014675 0.033247
2 0.615584 0.404805 0.017922 0.022078
2 0.605909 0.380779 0.017273 0.027532
2 0.604740 0.364026 0.016753 0.027273
2 0.582013 0.324156 0.017532 0.034286
2 0.579805 0.297532 0.014416 0.031948
2 0.589740 0.292338 0.018182 0.028831
2 0.536688 0.315325 0.009740 0.037922
2 0.543636 0.299610 0.009091 0.037662
2 0.553442 0.308442 0.014416 0.027792
2 0.549286 0.330390 0.017273 0.020260
2 0.550974 0.348182 0.014935 0.031948
2 0.542662 0.349870 0.013377 0.030649
2 0.547403 0.370779 0.019481 0.023117
2 0.518182 0.368701 0.010909 0.038182
2 0.500455 0.359870 0.011039 0.027792
2 0.490974 0.362597 0.013636 0.027532
2 0.491688 0.381039 0.018701 0.024416
8 0.504091 0.364935 0.015714 0.054026
8 0.515519 0.356364 0.014935 0.043117
8 0.601818 0.323636 0.021299 0.040000
5 0.552208 0.204545 0.017143 0.024156
4 0.775584 0.177792 0.018961 0.018961
1 0.652662 0.216234 0.018571 0.026753
1 0.673377 0.233247 0.017403 0.027532
1 0.682273 0.231039 0.015714 0.027792
1 0.695584 0.218442 0.018182 0.023377
1 0.686039 0.213896 0.011558 0.023117
1 0.670195 0.207013 0.015714 0.025455
1 0.675779 0.200390 0.013377 0.030909
1 0.683247 0.196883 0.013506 0.031688
1 0.691558 0.195844 0.012727 0.029091
1 0.677338 0.178182 0.015974 0.023377
7 0.672143 0.256364 0.014935 0.047792
7 0.644481 0.217792 0.022727 0.037662
7 0.616234 0.272727 0.024156 0.040519
7 0.698701 0.337143 0.014545 0.035844
1 0.679805 0.385714 0.020130 0.025455
1 0.676039 0.344935 0.014156 0.034286
1 0.677403 0.326883 0.018961 0.028831
1 0.707532 0.332987 0.010909 0.032208
1 0.693831 0.329221 0.015714 0.032468
1 0.689610 0.319740 0.013506 0.027013
1 0.605065 0.273247 0.020779 0.021818
1 0.609481 0.257013 0.017403 0.021558
1 0.609610 0.240909 0.016623 0.029351
1 0.594870 0.257403 0.019351 0.025974
1 0.595649 0.243506 0.017273 0.021039
1 0.596688 0.221169 0.012857 0.028831
3 0.687597 0.651558 0.024805 0.031948
3 0.639610 0.803117 0.022338 0.037922
3 0.582078 0.652857 0.013506 0.045455
3 0.580325 0.628831 0.017792 0.034286
3 0.550714 0.602597 0.008961 0.036883
3 0.555000 0.643766 0.015455 0.037143
3 0.555130 0.673247 0.020649 0.028052
3 0.533312 0.670130 0.024026 0.026494
3 0.386234 0.659481 0.021299 0.039481
3 0.457987 0.638831 0.018312 0.044416
3 0.479156 0.569610 0.019870 0.033766
3 0.444286 0.596623 0.018701 0.038442
3 0.435130 0.584545 0.021688 0.037143
3 0.449416 0.563117 0.020390 0.029610
3 0.435000 0.559481 0.021429 0.028571
3 0.414675 0.560649 0.009351 0.047532
3 0.423701 0.546623 0.011299 0.038701
3 0.434351 0.515974 0.019351 0.037662
3 0.484221 0.478701 0.018052 0.034286
3 0.502143 0.480649 0.017532 0.028312
9 0.497143 0.453896 0.022338 0.041818
9 0.512987 0.447273 0.016104 0.044156
9 0.483831 0.450000 0.022987 0.039221
9 0.426883 0.409870 0.021299 0.034286
9 0.568636 0.600909 0.026364 0.036623
9 0.588182 0.600649 0.014286 0.038701
3 0.566364 0.637403 0.014545 0.038442
3 0.517597 0.436883 0.018571 0.032727
3 0.500260 0.412857 0.022078 0.021558
3 0.519740 0.421688 0.015065 0.032468
3 0.525649 0.414805 0.015455 0.040000
3 0.416558 0.451299 0.019870 0.028831
3 0.428636 0.429610 0.019351 0.027013
3 0.413117 0.430779 0.018182 0.025195
3 0.456558 0.261429 0.017792 0.014805
3 0.460130 0.246623 0.015325 0.024156
3 0.475000 0.241429 0.017532 0.019481
3 0.486169 0.256234 0.020390 0.023636
3 0.466948 0.231299 0.015195 0.023636
3 0.456558 0.219870 0.015455 0.025714
9 0.438442 0.244286 0.020779 0.031429
9 0.465195 0.273636 0.018182 0.032987
9 0.207792 0.468831 0.025974 0.044156
9 0.219740 0.446883 0.022078 0.038182
3 0.222922 0.435065 0.021429 0.022338
3 0.238442 0.451948 0.015584 0.032727
3 0.231429 0.463636 0.014545 0.033247
3 0.226558 0.476623 0.013896 0.031688
1 0.224026 0.417143 0.020779 0.023896
1 0.242857 0.410000 0.017403 0.027273
1 0.240714 0.387403 0.011558 0.029870
1 0.252857 0.378701 0.011429 0.036364
1 0.254805 0.347013 0.010909 0.032208
1 0.241039 0.364286 0.017403 0.024675
1 0.228636 0.379221 0.017792 0.030130
1 0.222662 0.403896 0.020649 0.028052
1 0.215260 0.382987 0.017532 0.032468
1 0.208701 0.369481 0.021299 0.030390
1 0.222922 0.352857 0.013636 0.036623
1 0.243312 0.337013 0.019610 0.027273
7 0.258117 0.370909 0.021948 0.043117
6 0.525278 0.794759 0.016002 0.064007
0 0.534903 0.780728 0.020872 0.028989
0 0.539425 0.755914 0.017393 0.036874
0 0.522553 0.749536 0.014726 0.049629
0 0.511943 0.691211 0.023655 0.026206
0 0.484636 0.666976 0.012175 0.041744
0 0.494144 0.665121 0.011480 0.039425
0 0.519654 0.561224 0.023307 0.027365
0 0.523771 0.519017 0.019944 0.025974
6 0.543541 0.548353 0.024930 0.042904
6 0.512117 0.664657 0.024003 0.040816
4 0.592590 0.515538 0.020524 0.023655
4 0.600301 0.502667 0.020640 0.028525
4 0.595953 0.483998 0.017973 0.028293
4 0.505276 0.304267 0.018669 0.019944
4 0.508233 0.288265 0.017625 0.023655
4 0.505218 0.272843 0.016234 0.026670
4 0.494434 0.288033 0.016002 0.027365
4 0.463590 0.320733 0.020640 0.019944
4 0.450313 0.328154 0.020292 0.026438
4 0.444805 0.342417 0.018785 0.022959
4 0.436224 0.359114 0.020872 0.028061
4 0.352041 0.375812 0.018321 0.019249
4 0.347808 0.363057 0.015654 0.017857
4 0.372449 0.369666 0.016002 0.030612
4 0.370014 0.316558 0.014610 0.031540
10 0.339228 0.376044 0.022147 0.042904
10 0.295307 0.405057 0.022334 0.030893
10 0.276417 0.425030 0.023514 0.037387
4 0.289650 0.435163 0.015939 0.035222
4 0.289601 0.403089 0.022727 0.024990
10 0.306818 0.253247 0.020366 0.040142
10 0.282369 0.224813 0.024400 0.036797
10 0.316214 0.216352 0.025187 0.030893
4 0.307900 0.250984 0.018398 0.020268
4 0.298013 0.244392 0.013577 0.035813
4 0.309327 0.234652 0.012200 0.027745
4 0.319116 0.235832 0.013085 0.029319
4 0.307359 0.213892 0.012397 0.032664
4 0.295504 0.226879 0.012102 0.030697
4 0.295110 0.213499 0.017611 0.027548
5 0.239177 0.285419 0.019874 0.023416
5 0.241490 0.242031 0.010331 0.028335
5 0.253985 0.243310 0.019776 0.020661
5 0.255608 0.229536 0.020071 0.016332
5 0.416224 0.198839 0.014266 0.027351
5 0.445592 0.197757 0.019087 0.024400
5 0.437328 0.182605 0.010035 0.028335
5 0.429752 0.188902 0.010626 0.030697
5 0.422816 0.172078 0.010331 0.032074
5 0.409386 0.179063 0.018103 0.024400
11 0.232487 0.238095 0.019087 0.033845
11 0.263331 0.209170 0.019382 0.038961
8 0.357832 0.262495 0.019481 0.045651
2 0.354339 0.295946 0.021547 0.029516
2 0.349469 0.235734 0.017316 0.032664
2 0.365702 0.225502 0.009839 0.033845
0 0.305785 0.355077 0.020071 0.026171
0 0.312328 0.345238 0.020956 0.026958
0 0.314050 0.330677 0.018890 0.024203
0 0.318083 0.320937 0.020661 0.029122
0 0.278729 0.342582 0.020268 0.020071
0 0.278139 0.312475 0.020071 0.024793
0 0.272039 0.295750 0.010823 0.028729
0 0.280893 0.282271 0.014561 0.029713
0 0.262643 0.291913 0.012692 0.030893
6 0.265152 0.325561 0.020858 0.036403
6 0.256494 0.320346 0.022235 0.036600
6 0.266332 0.524695 0.024006 0.039945
6 0.307704 0.615604 0.024498 0.042306
0 0.281582 0.550079 0.012790 0.039551
0 0.271350 0.553325 0.011216 0.037780
0 0.247098 0.755805 0.024105 0.032664
0 0.240211 0.791027 0.023514 0.035026
0 0.217729 0.749803 0.014364 0.044667
6 0.234061 0.767316 0.027351 0.062771
0 0.305785 0.668339 0.025777 0.030500
0 0.309032 0.648859 0.024793 0.026171
0 0.301604 0.640397 0.024105 0.026958
4 0.241637 0.663125 0.015545 0.045651
4 0.203316 0.672963 0.022727 0.026761
4 0.214679 0.647678 0.014758 0.041126
4 0.197412 0.658009 0.025285 0.033451
4 0.187328 0.648957 0.023613 0.035026
4 0.200216 0.619933 0.014364 0.043093
4 0.226240 0.632920 0.013676 0.041519
4 0.215270 0.612849 0.013577 0.041519
4 0.210104 0.592877 0.023514 0.025974
4 0.235931 0.610882 0.022432 0.025384
4 0.585227 0.784091 0.023336 0.033685
4 0.594866 0.763697 0.016031 0.044034
4 0.576806 0.760450 0.023336 0.033482
4 0.576907 0.739955 0.019886 0.032670
4 0.579647 0.726360 0.020901 0.033076
4 0.596794 0.731433 0.012581 0.044440
4 0.588271 0.706067 0.019683 0.033076
10 0.576349 0.808949 0.021408 0.059456