1 0.811364 0.736276 0.029221 0.042017
1 0.735390 0.495907 0.027273 0.040380
1 0.680357 0.407236 0.028247 0.042017
1 0.777922 0.266179 0.027922 0.039288
1 0.587500 0.498909 0.029545 0.039834
1 0.489773 0.562752 0.025649 0.043108
1 0.528084 0.669431 0.029545 0.043654
1 0.497727 0.780749 0.029221 0.041471
1 0.281169 0.608043 0.028571 0.042017
1 0.495130 0.439430 0.029221 0.040925
1 0.492857 0.267816 0.027922 0.043654
1 0.199838 0.349940 0.027597 0.044199
1 0.207143 0.132762 0.027273 0.042017
5 0.665097 0.170686 0.028247 0.042562
5 0.712500 0.203427 0.028896 0.039288
5 0.675812 0.322383 0.031494 0.044745
5 0.622078 0.220616 0.027922 0.044199
5 0.601136 0.300011 0.028247 0.037106
5 0.495779 0.333024 0.029870 0.040925
5 0.330519 0.331114 0.027273 0.041471
5 0.270130 0.370403 0.026623 0.040380
5 0.270455 0.160319 0.026623 0.039288
5 0.186526 0.615137 0.030844 0.040925
5 0.224513 0.695624 0.030844 0.042562
5 0.480357 0.699171 0.031494 0.040925
5 0.774838 0.607498 0.032143 0.042017
5 0.919805 0.290189 0.022727 0.039288
1 0.919805 0.251446 0.020779 0.034923
2 0.918994 0.211066 0.023052 0.036014
2 0.825325 0.098930 0.037013 0.051839
2 0.662175 0.266725 0.029545 0.042562
2 0.616883 0.402870 0.029221 0.044199
2 0.661201 0.522918 0.030844 0.043108
2 0.571753 0.759740 0.028571 0.038743
2 0.742045 0.756466 0.027597 0.040925
2 0.827110 0.665885 0.026948 0.039834
2 0.539610 0.330841 0.031169 0.043108
2 0.450812 0.179144 0.032143 0.042017
2 0.410390 0.301648 0.028571 0.039288
2 0.237338 0.512823 0.029870 0.041471
2 0.191071 0.434792 0.028896 0.040380
2 0.225649 0.267816 0.029221 0.041471
2 0.271916 0.272727 0.026948 0.043654
2 0.355195 0.185147 0.028571 0.043108
1 0.415909 0.398778 0.027273 0.041471