2 0.538263 0.713852 0.075055 0.038079
2 0.546726 0.687638 0.080206 0.032009
2 0.513981 0.677152 0.066225 0.036424
2 0.512509 0.658664 0.077999 0.033664
2 0.698675 0.604581 0.048565 0.043598
2 0.731788 0.602649 0.042678 0.040839
2 0.756439 0.602097 0.043414 0.039735
2 0.946652 0.429084 0.064753 0.019316
2 0.941501 0.417770 0.060338 0.026490
2 0.916851 0.397627 0.052244 0.029249
2 0.878587 0.391832 0.053716 0.033113
2 0.934675 0.374622 0.049630 0.017863
2 0.476821 0.286148 0.030169 0.020419
2 0.493377 0.285044 0.023547 0.016004
2 0.459897 0.275938 0.043414 0.017660
2 0.695732 0.272627 0.054452 0.011038
2 0.686534 0.266832 0.044886 0.011589
2 0.684327 0.263521 0.040471 0.016004
2 0.308315 0.213300 0.033113 0.013797
2 0.303532 0.205850 0.032377 0.012141
2 0.293230 0.207230 0.032377 0.018212
0 0.316777 0.592163 0.054452 0.050773
0 0.386313 0.586921 0.053716 0.046909
0 0.422001 0.588024 0.050037 0.043598
0 0.373436 0.624448 0.077999 0.024834
0 0.598234 0.514901 0.037528 0.035320
0 0.622517 0.522075 0.038999 0.038631
0 0.643120 0.497241 0.046358 0.027594
0 0.572112 0.492826 0.064753 0.029801
0 0.308315 0.292219 0.021339 0.021523
0 0.331862 0.294978 0.030169 0.021523
0 0.339956 0.280629 0.025754 0.018212
0 0.357248 0.232340 0.022075 0.017660
0 0.337748 0.229857 0.022811 0.014901
0 0.320088 0.229305 0.019868 0.017108
0 0.199411 0.358444 0.033113 0.023731
0 0.230684 0.370033 0.041207 0.024834
0 0.012693 0.373344 0.025386 0.030353
0 0.037528 0.368653 0.025754 0.027594
1 0.614616 0.439758 0.054607 0.027303
1 0.584408 0.417248 0.039115 0.024689
1 0.610356 0.419281 0.042214 0.022366
1 0.591960 0.348844 0.041826 0.022656
1 0.606096 0.344923 0.031370 0.021204
1 0.618682 0.340130 0.034855 0.024399
1 0.785601 0.283926 0.043376 0.017718
1 0.798188 0.279278 0.030595 0.013652
1 0.808450 0.271436 0.028659 0.014814
1 0.532125 0.276083 0.022850 0.016556
1 0.544712 0.275648 0.016266 0.015685
1 0.562914 0.275357 0.021688 0.018009
1 0.043569 0.316312 0.043376 0.018009
1 0.034662 0.311084 0.037179 0.017428
1 0.015782 0.309922 0.031563 0.022075
1 0.012683 0.301354 0.025366 0.014814
4 0.208358 0.184152 0.029821 0.012780
4 0.190930 0.182410 0.030595 0.008714
4 0.186089 0.175003 0.020139 0.011328
4 0.242051 0.260399 0.031370 0.017137
4 0.232175 0.254444 0.033306 0.014523
4 0.226172 0.250232 0.028272 0.013071
4 0.219008 0.247618 0.018590 0.013652
4 0.398319 0.302080 0.036404 0.020332
4 0.414004 0.299175 0.030595 0.020332
4 0.430657 0.296997 0.036017 0.018299
4 0.609194 0.297868 0.036792 0.018299
4 0.624104 0.293366 0.035630 0.019170
4 0.636497 0.292204 0.029433 0.017428
4 0.660509 0.327205 0.039503 0.022946
4 0.674451 0.323429 0.034081 0.022946
4 0.685682 0.320234 0.035630 0.022366
4 0.621200 0.219879 0.023624 0.015104
4 0.630882 0.222348 0.023624 0.012490
4 0.644243 0.225398 0.024011 0.014523
4 0.660896 0.224091 0.029433 0.021785
4 0.680454 0.226415 0.029821 0.022946
4 0.702142 0.228593 0.029046 0.023237
4 0.720150 0.231933 0.029433 0.021785
4 0.739321 0.237888 0.036017 0.025561
0 0.905852 0.338823 0.046861 0.016556
0 0.912823 0.345068 0.046087 0.017428
0 0.926184 0.351458 0.051121 0.019170
2 0.989427 0.404177 0.021146 0.031660
2 0.979164 0.387621 0.041672 0.015394
2 0.978583 0.375421 0.042833 0.018880
10 0.527478 0.200128 0.014329 0.024980
10 0.553813 0.208696 0.017428 0.021785
10 0.557105 0.202742 0.014717 0.019751
10 0.532900 0.205937 0.012780 0.023237
10 0.542775 0.202016 0.017040 0.023527