5 0.084578 0.203534 0.025000 0.050955
5 0.099351 0.194849 0.026623 0.047481
5 0.110714 0.185295 0.029221 0.053850
5 0.125325 0.083384 0.012987 0.039953
5 0.111201 0.084542 0.021104 0.044586
5 0.170617 0.036772 0.014610 0.037058
5 0.184253 0.037641 0.017208 0.037637
5 0.707143 0.170529 0.024675 0.042849
5 0.718669 0.176030 0.026948 0.039953
5 0.731494 0.190506 0.035065 0.046902
0 0.851948 0.190506 0.029870 0.046902
0 0.866558 0.199191 0.027273 0.046902
0 0.880195 0.205850 0.025325 0.049797
0 0.895292 0.212509 0.026299 0.046902
0 0.910065 0.222063 0.025974 0.053271
0 0.901299 0.175161 0.027273 0.044007
0 0.912175 0.180373 0.019805 0.038216
0 0.927597 0.191664 0.023377 0.042270
0 0.943344 0.200639 0.023701 0.046323
0 0.958117 0.208166 0.024675 0.049797
0 0.963474 0.283151 0.033442 0.046902
0 0.981981 0.297338 0.031494 0.046323
0 0.849513 0.312393 0.036688 0.046323
0 0.863961 0.329474 0.038312 0.049218
0 0.697078 0.305734 0.033766 0.044586
0 0.710877 0.320499 0.037987 0.046323
0 0.721104 0.333527 0.040909 0.042270
0 0.729058 0.353504 0.039286 0.053271
0 0.529870 0.217720 0.020130 0.051534
0 0.512825 0.218010 0.021104 0.048639
0 0.498377 0.219458 0.020130 0.056166
0 0.481981 0.214825 0.019805 0.053850
0 0.473539 0.155474 0.019805 0.046323
0 0.490422 0.156343 0.019805 0.044586
0 0.506169 0.152869 0.021429 0.045744
0 0.664448 0.101914 0.020455 0.045744
0 0.679221 0.101914 0.018831 0.046902
0 0.029545 0.155764 0.029221 0.050376
0 0.046591 0.144183 0.019805 0.042270
0 0.055519 0.133471 0.022078 0.045165
4 0.357305 0.232196 0.043182 0.033005
4 0.356818 0.215694 0.034416 0.038216
4 0.368019 0.201508 0.039286 0.038795
4 0.410552 0.135787 0.034740 0.037058
4 0.421591 0.122469 0.029545 0.026636
4 0.430519 0.111468 0.029870 0.027794
4 0.600325 0.148815 0.033766 0.042270
4 0.609903 0.159238 0.028247 0.041111
4 0.618182 0.169950 0.031818 0.042849
4 0.781656 0.090333 0.017857 0.046902
4 0.795455 0.093228 0.014286 0.043428
4 0.849838 0.126522 0.021104 0.048639
4 0.867208 0.130865 0.018831 0.043428
4 0.881169 0.129418 0.016883 0.050955
4 0.833766 0.028376 0.025325 0.033005
4 0.844805 0.037641 0.025325 0.039953
4 0.970455 0.084253 0.031169 0.038216
4 0.055844 0.445860 0.033766 0.085118
4 0.076136 0.449334 0.027597 0.085118
4 0.096591 0.458020 0.028896 0.086276
4 0.110227 0.032429 0.028247 0.028373
4 0.120130 0.019691 0.026623 0.023740
4 0.127760 0.013900 0.023052 0.022582
4 0.140584 0.008542 0.030519 0.017084
10 0.018182 0.444123 0.036364 0.095541
8 0.391234 0.385641 0.037013 0.107121
2 0.331818 0.421541 0.047403 0.048060
2 0.339935 0.396063 0.042857 0.049218
2 0.346266 0.378113 0.044481 0.036479
2 0.349188 0.358715 0.044481 0.039374
2 0.368344 0.350899 0.044481 0.043428
2 0.370942 0.329474 0.043831 0.034163
2 0.480357 0.550666 0.047078 0.060799
2 0.496104 0.533584 0.048052 0.055587
2 0.531981 0.766356 0.044481 0.098436
2 0.552110 0.751591 0.043182 0.095541
2 0.572565 0.739720 0.045130 0.101910
2 0.699513 0.715691 0.032143 0.103647
2 0.600487 0.463810 0.024351 0.073537
2 0.616234 0.476549 0.024026 0.080486
2 0.635714 0.478286 0.024026 0.082802
2 0.653409 0.496815 0.022403 0.082802
2 0.543994 0.383614 0.025000 0.069484
2 0.562338 0.381587 0.027273 0.071221
2 0.575325 0.372323 0.026623 0.068905
2 0.595617 0.376955 0.024351 0.068905
1 0.713636 0.076436 0.026623 0.034163
1 0.722565 0.085411 0.026948 0.027794
1 0.730519 0.094965 0.032468 0.036479
1 0.781818 0.035614 0.025325 0.034742
1 0.771266 0.024612 0.023701 0.033584
1 0.764935 0.017374 0.027922 0.033005
1 0.447240 0.048063 0.026948 0.034163
1 0.455357 0.038509 0.025000 0.031268
1 0.462338 0.032140 0.019481 0.034742
1 0.473052 0.029534 0.021429 0.034163
1 0.175487 0.122469 0.028896 0.033584
1 0.182468 0.113205 0.022727 0.034742
1 0.192045 0.106546 0.023701 0.034163
1 0.010065 0.326000 0.020130 0.053850
1 0.026623 0.325421 0.024675 0.053850
1 0.047240 0.325421 0.026299 0.052692
3 0.502760 0.094676 0.034091 0.031268
3 0.507143 0.081647 0.031818 0.033005
3 0.512013 0.073251 0.029221 0.027794
3 0.383766 0.012885 0.025325 0.025770
3 0.249513 0.147368 0.026299 0.041691
3 0.240584 0.163870 0.021429 0.045744
3 0.222890 0.175161 0.017208 0.049797
6 0.006656 0.186453 0.013312 0.074696