3 0.423444 0.548000 0.017556 0.041778
3 0.408778 0.546000 0.016222 0.040444
3 0.400444 0.533333 0.016000 0.034667
3 0.429556 0.511778 0.022222 0.019111
3 0.407333 0.514222 0.022667 0.023111
3 0.384444 0.512444 0.009778 0.042667
3 0.392111 0.493556 0.013556 0.039556
3 0.405222 0.481778 0.014889 0.041778
3 0.392778 0.460667 0.018444 0.030667
3 0.179889 0.782444 0.020222 0.039556
3 0.188333 0.769333 0.018889 0.039111
3 0.197111 0.762667 0.016889 0.040000
3 0.206444 0.753778 0.016000 0.040000
3 0.215111 0.746222 0.017778 0.045333
3 0.207889 0.637778 0.021111 0.024000
3 0.203333 0.617778 0.020444 0.027556
3 0.159333 0.579778 0.011556 0.045778
3 0.169444 0.578222 0.014000 0.046222
3 0.269444 0.590000 0.020667 0.027111
3 0.269111 0.570667 0.019556 0.023111
3 0.269333 0.556222 0.020000 0.024444
3 0.222111 0.490000 0.016222 0.032444
3 0.196111 0.433333 0.016667 0.032000
3 0.202889 0.422667 0.016444 0.032889
3 0.208111 0.413778 0.016667 0.031111
3 0.193889 0.385333 0.024667 0.022222
9 0.182444 0.697556 0.028889 0.042222
9 0.199222 0.686889 0.030889 0.036000
9 0.185111 0.620667 0.016889 0.041333
3 0.244333 0.492000 0.017111 0.040000
9 0.261444 0.536444 0.028667 0.038222
9 0.177000 0.435333 0.024667 0.037778
9 0.187111 0.408222 0.017778 0.037778
9 0.798032 0.590046 0.013194 0.037500
3 0.817708 0.587269 0.018750 0.044907
3 0.791435 0.569907 0.021759 0.031481
3 0.802199 0.553704 0.021065 0.025926
3 0.784722 0.555093 0.017130 0.031481
5 0.737963 0.534491 0.021296 0.023611
5 0.746991 0.513657 0.019444 0.024537
5 0.735880 0.625463 0.018519 0.024074
5 0.720718 0.645139 0.019676 0.037500
5 0.723148 0.681944 0.018056 0.041667
5 0.739005 0.662037 0.011343 0.040741
5 0.743866 0.696065 0.020139 0.033796
5 0.791551 0.731713 0.022917 0.038426
5 0.796991 0.718981 0.022685 0.038889
5 0.806019 0.711574 0.019907 0.037963
11 0.821875 0.693519 0.031713 0.038889
11 0.674884 0.322917 0.024769 0.038426
5 0.712963 0.350694 0.019907 0.030093
5 0.705440 0.363426 0.017824 0.037963
5 0.664120 0.357407 0.021296 0.026852
5 0.662731 0.369676 0.020833 0.022685
5 0.660069 0.383796 0.022917 0.025000
5 0.550463 0.668287 0.022222 0.034722
5 0.552546 0.733565 0.018981 0.025463
5 0.550694 0.713889 0.026852 0.025000
5 0.530324 0.722917 0.024537 0.031944
5 0.546412 0.697685 0.019676 0.025000
5 0.535995 0.675926 0.025231 0.032407
5 0.209144 0.326852 0.013194 0.031481
11 0.189120 0.321296 0.019907 0.039815
10 0.256366 0.185185 0.021065 0.037037
10 0.269907 0.201389 0.021296 0.036111
10 0.244792 0.378472 0.021991 0.038426
10 0.381481 0.130093 0.023148 0.041667
10 0.429630 0.195833 0.022222 0.037037
4 0.261111 0.371296 0.018981 0.022222
4 0.347797 0.227011 0.019349 0.021073
4 0.348084 0.213410 0.019540 0.016858
4 0.353257 0.203257 0.016475 0.019540
4 0.399521 0.155939 0.017816 0.028352
4 0.406513 0.151149 0.016092 0.024138
4 0.407854 0.139847 0.014943 0.024521
4 0.477107 0.268391 0.020881 0.019540
4 0.470498 0.258621 0.019540 0.023755
4 0.470307 0.246169 0.018774 0.018008
4 0.468487 0.236015 0.020115 0.018391
4 0.421743 0.311111 0.022797 0.015326
4 0.420211 0.295019 0.016667 0.016092
4 0.420115 0.280843 0.016092 0.014559
4 0.415421 0.271264 0.020115 0.019923
4 0.460824 0.381418 0.017816 0.029502
4 0.470498 0.372605 0.017241 0.021839
4 0.484579 0.398084 0.020498 0.028352
0 0.387165 0.370690 0.022989 0.018774
0 0.388218 0.384866 0.022414 0.016475
0 0.390230 0.398084 0.020690 0.020690
0 0.334674 0.325862 0.019157 0.031801
0 0.342720 0.316667 0.016858 0.031034
0 0.275096 0.313793 0.019540 0.023755
0 0.281897 0.304023 0.021648 0.024904
0 0.283046 0.289464 0.016284 0.023372
0 0.288027 0.279502 0.020115 0.027203
0 0.220498 0.171456 0.017625 0.019540
0 0.208908 0.184866 0.013602 0.027203
0 0.215421 0.204215 0.015517 0.024521
0 0.228065 0.186782 0.017050 0.026437
0 0.233142 0.200383 0.020307 0.019923
0 0.219540 0.273372 0.014176 0.025670
0 0.223946 0.250000 0.017241 0.025670
0 0.236015 0.239847 0.011877 0.020690
0 0.247031 0.285249 0.013602 0.033333
0 0.252586 0.263218 0.018966 0.019157
6 0.231801 0.262069 0.024521 0.034483
6 0.225862 0.281609 0.020307 0.048276
6 0.325287 0.300958 0.022605 0.037165
6 0.410345 0.357088 0.022605 0.040613
6 0.507280 0.503831 0.025287 0.043678
6 0.482184 0.609962 0.022605 0.039080
6 0.488793 0.743678 0.015517 0.062069
6 0.567337 0.544444 0.022031 0.051341
0 0.456226 0.617433 0.012069 0.050958
0 0.466571 0.620307 0.009770 0.038314
0 0.475575 0.643295 0.023180 0.023755
0 0.486877 0.700192 0.017433 0.044828
0 0.503831 0.704406 0.018774 0.038697
0 0.499808 0.731418 0.021456 0.032950
0 0.518966 0.579119 0.013793 0.042529
0 0.529981 0.587165 0.013218 0.035632
0 0.530939 0.563985 0.019732 0.027586
0 0.485441 0.515134 0.021073 0.022605
0 0.484387 0.499042 0.022031 0.018774
0 0.701724 0.459770 0.019157 0.022989
0 0.702778 0.444828 0.018966 0.020690
0 0.707088 0.423563 0.009962 0.034866
0 0.721743 0.434866 0.022031 0.026820
0 0.683429 0.440996 0.020115 0.027586
0 0.696360 0.426437 0.016858 0.026820
0 0.688602 0.416092 0.020498 0.026820
6 0.714368 0.457471 0.017241 0.051341
1 0.644253 0.296552 0.024138 0.023755
1 0.651916 0.286015 0.021073 0.023372
1 0.650862 0.273180 0.020881 0.021456
1 0.654023 0.264943 0.019540 0.020307
1 0.723084 0.253448 0.020881 0.018774
1 0.718774 0.241954 0.021839 0.018008
1 0.723659 0.229119 0.020498 0.020690
1 0.725479 0.215900 0.021456 0.018774
1 0.649904 0.171839 0.019732 0.021073
1 0.651245 0.160536 0.018199 0.017625
1 0.650958 0.150192 0.018774 0.019923
1 0.566954 0.219349 0.020498 0.026437
1 0.578736 0.200383 0.020690 0.019157
1 0.582854 0.185824 0.018582 0.018391
1 0.584483 0.171839 0.018008 0.019540
1 0.570019 0.181992 0.015134 0.027586
1 0.562739 0.173180 0.012069 0.034483
1 0.622031 0.258429 0.009579 0.032567
7 0.589272 0.249808 0.021073 0.045977
7 0.613602 0.234866 0.021456 0.039080
7 0.645115 0.196552 0.020498 0.045211
2 0.463218 0.337165 0.020307 0.019923
2 0.461398 0.317625 0.016667 0.028352
2 0.518582 0.304023 0.019157 0.021839
2 0.518774 0.289080 0.022605 0.021073
2 0.522222 0.275670 0.020307 0.019540
2 0.554598 0.326628 0.018391 0.023372
2 0.572031 0.349234 0.021073 0.021839
2 0.589080 0.343103 0.016092 0.033333
2 0.573180 0.332567 0.017625 0.021456
2 0.572605 0.319923 0.019157 0.017625
2 0.556034 0.492146 0.018966 0.037931
2 0.563889 0.483142 0.015900 0.037548
2 0.559387 0.459387 0.016475 0.029885
2 0.553448 0.443103 0.019157 0.027969
2 0.574425 0.437165 0.018582 0.026054
2 0.630843 0.461686 0.019157 0.030651
2 0.649042 0.454981 0.011111 0.037165
2 0.630460 0.439464 0.020307 0.034483
8 0.645785 0.500575 0.019923 0.037165
8 0.567146 0.463602 0.023180 0.036015
8 0.562835 0.266667 0.023755 0.039847
2 0.608908 0.191379 0.020115 0.021839
2 0.612739 0.179310 0.018199 0.020690
2 0.613027 0.166475 0.017241 0.019540