2 0.370125 0.562730 0.031641 0.022443
2 0.341611 0.564386 0.023179 0.026490
2 0.318617 0.575055 0.024283 0.025754
2 0.252024 0.593635 0.032377 0.026122
2 0.385578 0.671082 0.022811 0.025018
2 0.379507 0.693893 0.027594 0.025018
2 0.542494 0.683775 0.033481 0.023179
2 0.533113 0.708057 0.036792 0.021707
2 0.540287 0.748712 0.037896 0.025018
2 0.603201 0.763981 0.035688 0.023179
2 0.751656 0.708425 0.035320 0.023179
2 0.784952 0.702355 0.035688 0.022075
2 0.801508 0.677704 0.034952 0.019132
2 0.851913 0.803348 0.035688 0.020971
2 0.872701 0.831862 0.036056 0.019868
2 0.009014 0.694996 0.018028 0.021339
2 0.012693 0.731052 0.025386 0.017660
2 0.060706 0.709345 0.037528 0.025018
2 0.116814 0.842163 0.035688 0.025018
2 0.092531 0.855408 0.038631 0.025018
2 0.009566 0.850442 0.019132 0.018764
2 0.013981 0.989698 0.027962 0.020603
2 0.931567 0.976269 0.041207 0.026858
8 0.566961 0.698859 0.036792 0.034216
2 0.465508 0.994895 0.041391 0.010210
1 0.890453 0.767798 0.029801 0.028974
1 0.864928 0.760900 0.032837 0.023455
1 0.796634 0.752483 0.030905 0.032009
1 0.769868 0.769868 0.037528 0.020971
1 0.763107 0.747241 0.033940 0.024834
1 0.694950 0.688742 0.032285 0.022627
1 0.669288 0.669426 0.037252 0.022075
1 0.671634 0.628035 0.027594 0.024283
1 0.500138 0.768764 0.037804 0.020971
1 0.488411 0.782285 0.035872 0.025938
1 0.613273 0.839680 0.037804 0.023179
1 0.667219 0.809189 0.039735 0.021247
1 0.610375 0.860513 0.036424 0.020143
1 0.650248 0.869205 0.038355 0.022627
1 0.408802 0.755933 0.037252 0.028422
1 0.103753 0.737445 0.036424 0.022351
1 0.076573 0.768902 0.035044 0.021799
1 0.044840 0.618791 0.035044 0.020143
1 0.045668 0.589680 0.035596 0.024834
7 0.035734 0.750138 0.036148 0.037252
7 0.867964 0.725993 0.037252 0.040287
1 0.524145 0.906181 0.039459 0.024834
1 0.540563 0.945640 0.037528 0.025386
1 0.518764 0.958747 0.038631 0.026766
4 0.857202 0.889073 0.024007 0.031457
4 0.925773 0.885762 0.035872 0.030353
4 0.815811 0.648041 0.031181 0.015728
4 0.775938 0.614238 0.021523 0.027594
4 0.771799 0.585679 0.030353 0.022351
4 0.666529 0.751380 0.031181 0.017660
4 0.634106 0.722130 0.029801 0.023179
10 0.669702 0.718405 0.034768 0.035596
10 0.149558 0.895557 0.038079 0.037252
4 0.118377 0.884244 0.038079 0.018488
4 0.137279 0.933499 0.036148 0.026490
4 0.095199 0.921358 0.038631 0.022075
4 0.046220 0.894454 0.036700 0.023455
4 0.070502 0.681291 0.033940 0.017660
4 0.041529 0.655905 0.033389 0.018212
4 0.074917 0.648731 0.035596 0.017660
4 0.444398 0.670944 0.035044 0.020143
4 0.465370 0.647351 0.030077 0.019316
4 0.478339 0.632036 0.030077 0.023455
0 0.148455 0.715646 0.034216 0.017936
0 0.139211 0.684465 0.033389 0.023455
0 0.127345 0.672461 0.034492 0.018212
0 0.317881 0.858996 0.036976 0.019868
0 0.362583 0.838576 0.035320 0.023179
0 0.369205 0.899007 0.036976 0.020419
0 0.406871 0.891970 0.036148 0.022351
0 0.466887 0.715094 0.035320 0.019592
0 0.486203 0.702677 0.032009 0.019592
0 0.734961 0.614238 0.030077 0.015453
0 0.718405 0.588300 0.032285 0.018764
0 0.776352 0.814018 0.029525 0.029801
0 0.737169 0.817881 0.033940 0.022075
0 0.716336 0.833747 0.035872 0.020143
0 0.755243 0.848648 0.036424 0.020143
3 0.922461 0.652042 0.036976 0.022075
3 0.901076 0.636865 0.030629 0.019316
3 0.732754 0.672185 0.033940 0.020419
3 0.717991 0.648869 0.030905 0.020143
3 0.608168 0.689432 0.034216 0.020695
3 0.648455 0.693709 0.036976 0.019868
3 0.455298 0.936672 0.035320 0.025662
3 0.457506 0.965784 0.035872 0.021523
3 0.211921 0.721026 0.030905 0.017660
3 0.224200 0.695778 0.033389 0.021799
3 0.044288 0.942743 0.034492 0.027318
9 0.612031 0.657009 0.035872 0.033664
5 0.452677 0.858030 0.032285 0.022903
5 0.535596 0.856512 0.033664 0.019316
5 0.551462 0.870723 0.032837 0.023455
5 0.334437 0.781457 0.028146 0.030905
5 0.356236 0.742688 0.034216 0.019592
5 0.298289 0.784492 0.036424 0.020971
5 0.411838 0.607754 0.030077 0.023455
5 0.112859 0.634244 0.032009 0.019040
5 0.088852 0.604994 0.025386 0.022903
5 0.003986 0.797155 0.007972 0.028207
6 0.330053 0.828734 0.042004 0.039245