4 0.522078 0.107560 0.057792 0.147165
4 0.739610 0.301575 0.059091 0.066693
4 0.675974 0.543268 0.042857 0.101417
4 0.707630 0.890235 0.054870 0.161496
4 0.219643 0.802597 0.067208 0.128425
4 0.151786 0.438819 0.082143 0.071102
4 0.419805 0.383977 0.055195 0.066142
10 0.722078 0.459488 0.077922 0.083779
0 0.187013 0.258308 0.039610 0.091496
0 0.290422 0.150001 0.083442 0.120708
0 0.389935 0.276772 0.085714 0.092047
0 0.558604 0.280355 0.062013 0.056220
0 0.660877 0.297717 0.044481 0.104173
0 0.414448 0.473268 0.048377 0.089291
0 0.681331 0.723503 0.045130 0.163149
0 0.764935 0.802873 0.056494 0.082677
0 0.280357 0.769802 0.063961 0.133385
0 0.253247 0.914211 0.034416 0.091496
0 0.150000 0.693188 0.079221 0.077165
2 0.387175 0.132915 0.082143 0.112992
2 0.439123 0.146143 0.045779 0.104173
2 0.508117 0.210080 0.048701 0.085433
2 0.447565 0.232127 0.045779 0.070000
8 0.478084 0.200985 0.055519 0.121259
8 0.641558 0.046104 0.065584 0.090393
8 0.498864 0.468858 0.063312 0.133385
8 0.307630 0.256103 0.057468 0.076063
8 0.286526 0.570827 0.047727 0.094803
2 0.589935 0.156064 0.084416 0.118504
2 0.501948 0.326379 0.043506 0.088740
2 0.540097 0.452047 0.062013 0.043543
2 0.543019 0.505787 0.049675 0.068346
2 0.574351 0.517638 0.060390 0.079921
2 0.585552 0.602795 0.039935 0.101417
2 0.534740 0.573858 0.085714 0.086535
2 0.488149 0.532520 0.041234 0.099763
2 0.436526 0.568071 0.072403 0.125669
2 0.393831 0.632007 0.041558 0.094803
2 0.395455 0.566968 0.056494 0.070551
2 0.337338 0.434410 0.079221 0.109685
2 0.299351 0.383977 0.046104 0.091496
2 0.352435 0.331064 0.064610 0.059527
2 0.151948 0.574409 0.078571 0.103071
1 0.251948 0.642755 0.055844 0.076614
1 0.739773 0.685472 0.037987 0.120157
1 0.746591 0.569449 0.087987 0.109685
1 0.702597 0.384528 0.064935 0.065039
1 0.626136 0.581023 0.043182 0.099763
1 0.616071 0.442953 0.062662 0.143307
1 0.607792 0.290276 0.059091 0.151023
1 0.670617 0.201812 0.060714 0.157086
1 0.461688 0.297442 0.035714 0.110236
1 0.482468 0.379292 0.062987 0.070000
1 0.272565 0.337402 0.055519 0.070000
2 0.335065 0.565590 0.059091 0.056771
2 0.274838 0.494764 0.055519 0.084882
1 0.547565 0.359725 0.032143 0.097008
6 0.655682 0.448189 0.051623 0.124015
2 0.362338 0.195473 0.061039 0.081575