3 0.414337 0.527240 0.015771 0.035842
3 0.420161 0.498387 0.017742 0.020430
3 0.389695 0.453763 0.020251 0.027240
3 0.388620 0.481004 0.013082 0.035125
3 0.381272 0.498029 0.009857 0.033333
3 0.399910 0.472401 0.014516 0.035125
3 0.401434 0.498208 0.019713 0.022939
3 0.395789 0.514875 0.017742 0.034767
3 0.401792 0.525627 0.015054 0.036918
0 0.442832 0.586738 0.011828 0.039427
0 0.451703 0.589964 0.011290 0.033692
0 0.461022 0.610753 0.022043 0.021505
0 0.468907 0.658244 0.014516 0.037634
0 0.483961 0.662545 0.016667 0.033333
0 0.479211 0.684229 0.017563 0.027240
0 0.499821 0.557348 0.014337 0.032975
0 0.509946 0.564695 0.013082 0.029032
0 0.510573 0.544982 0.018280 0.025448
0 0.470161 0.502330 0.020251 0.021864
0 0.469713 0.488351 0.020430 0.016846
0 0.387097 0.399462 0.020072 0.019713
0 0.386380 0.383871 0.018280 0.014337
0 0.387007 0.377778 0.017742 0.015771
6 0.490323 0.493369 0.022581 0.041219
6 0.466219 0.579928 0.019534 0.037993
6 0.543996 0.530287 0.020251 0.041935
6 0.470072 0.693728 0.014695 0.058423
6 0.406303 0.365812 0.020726 0.035897
6 0.333868 0.322009 0.020726 0.030342
6 0.242593 0.294444 0.020988 0.039506
6 0.675926 0.459877 0.016049 0.048148
5 0.527870 0.689444 0.020926 0.023333
5 0.506389 0.680370 0.020926 0.034074
5 0.526481 0.670926 0.023704 0.022593
5 0.523148 0.658148 0.018889 0.022222
5 0.527963 0.635370 0.020370 0.031481
5 0.513148 0.639630 0.022222 0.030370
5 0.630000 0.398889 0.018519 0.027407
5 0.632407 0.386481 0.017778 0.021852
5 0.634259 0.376481 0.017037 0.027778
5 0.672333 0.383556 0.015778 0.036444
5 0.680000 0.373556 0.016444 0.028000
5 0.686364 0.647980 0.023737 0.036364
5 0.711237 0.617424 0.019444 0.032828
5 0.705934 0.628283 0.016414 0.031313
5 0.697727 0.632071 0.018182 0.029798
5 0.694192 0.641667 0.021212 0.034848
5 0.698611 0.528535 0.019949 0.020707
5 0.706187 0.512626 0.018434 0.024242
5 0.227951 0.335417 0.009375 0.027778
5 0.742708 0.698264 0.019444 0.035417
5 0.748090 0.688194 0.019097 0.034722
5 0.756597 0.682639 0.019444 0.033333
11 0.770486 0.663889 0.025000 0.038889
11 0.644618 0.345833 0.022569 0.034722
11 0.209722 0.329514 0.018056 0.035417
4 0.472407 0.402593 0.017778 0.025185
4 0.451667 0.390741 0.016296 0.027407
4 0.459907 0.382222 0.017222 0.021481
4 0.460926 0.265926 0.016667 0.014074
4 0.461204 0.274444 0.016481 0.016296
4 0.463056 0.287037 0.018333 0.017037
4 0.466574 0.294074 0.014259 0.019259
4 0.419352 0.325926 0.016852 0.020000
4 0.416944 0.314444 0.016852 0.015556
4 0.415741 0.303889 0.018519 0.015926
4 0.413426 0.295000 0.017593 0.016667
4 0.354074 0.255926 0.017407 0.016296
4 0.354537 0.245000 0.016111 0.014444
4 0.359167 0.235000 0.015370 0.016667
4 0.272531 0.373765 0.017901 0.020370
4 0.409259 0.179321 0.014198 0.024074
4 0.406790 0.200926 0.017284 0.024074
4 0.393364 0.198148 0.012037 0.024691
10 0.425463 0.231173 0.020679 0.033951
10 0.397222 0.183333 0.019753 0.028395
10 0.273302 0.217593 0.020062 0.032716
10 0.283464 0.229630 0.019397 0.035802
10 0.258488 0.378704 0.020062 0.031481
2 0.454502 0.351916 0.018199 0.019540
2 0.453831 0.340421 0.016092 0.016475
2 0.505268 0.326628 0.017050 0.018774
2 0.505651 0.314943 0.018582 0.022222
2 0.507950 0.302682 0.016667 0.018391
2 0.536782 0.346169 0.016475 0.022605
2 0.553448 0.366667 0.016092 0.020690
2 0.553448 0.352682 0.017625 0.016475
2 0.552490 0.340038 0.018391 0.014176
2 0.567146 0.363602 0.013985 0.028352
2 0.603161 0.444444 0.018199 0.032950
2 0.602969 0.461494 0.017050 0.026437
2 0.619253 0.458812 0.010920 0.031034
2 0.534770 0.483716 0.014751 0.032567
2 0.542050 0.478352 0.013985 0.035632
2 0.537548 0.458621 0.014559 0.024521
2 0.532663 0.442912 0.019349 0.027586
2 0.551341 0.440805 0.017241 0.024904
2 0.593774 0.212452 0.016667 0.017241
2 0.592625 0.222414 0.016284 0.018774
2 0.589847 0.227395 0.014559 0.017241
2 0.588697 0.234674 0.015709 0.020307
8 0.544157 0.461686 0.021648 0.032184
8 0.614464 0.495211 0.017433 0.039464
8 0.545307 0.294444 0.021264 0.037931
3 0.768803 0.586538 0.013675 0.036325
3 0.757372 0.576496 0.011325 0.033333
3 0.762393 0.557265 0.013248 0.035043
3 0.751389 0.563675 0.014316 0.034188
3 0.743483 0.544872 0.014744 0.030769
0 0.649893 0.446368 0.018162 0.024359
0 0.666026 0.463675 0.017094 0.020513
0 0.665598 0.450000 0.014530 0.019658
0 0.685043 0.444444 0.019231 0.023077
0 0.673291 0.433547 0.011538 0.029487
0 0.661432 0.436111 0.016026 0.023504
0 0.654915 0.426282 0.018803 0.020940
1 0.690171 0.288675 0.018803 0.019231
1 0.686752 0.277137 0.017521 0.015812
1 0.690385 0.268590 0.018803 0.020085
1 0.692949 0.260256 0.018376 0.019658
1 0.618376 0.324359 0.021795 0.022222
1 0.624038 0.315812 0.016880 0.024786
1 0.625107 0.305342 0.018590 0.017521
1 0.627671 0.297650 0.018162 0.020085
1 0.598825 0.291880 0.008333 0.028205
1 0.624679 0.219872 0.016880 0.020940
1 0.626816 0.208974 0.016880 0.017949
1 0.626496 0.200855 0.017521 0.021368
1 0.549893 0.257479 0.018590 0.023504
1 0.560363 0.242308 0.018162 0.017949
1 0.545726 0.217521 0.011538 0.028205
1 0.553205 0.224786 0.013248 0.023932
1 0.564744 0.230556 0.016667 0.018376
1 0.566880 0.215385 0.017521 0.019658
7 0.569017 0.282051 0.018376 0.040171
7 0.590812 0.269017 0.019658 0.035470
7 0.620085 0.239103 0.019231 0.038889
3 0.193803 0.704701 0.017521 0.032479
3 0.205449 0.698932 0.018162 0.032051
3 0.191453 0.657479 0.021368 0.032051
3 0.197436 0.642949 0.018803 0.025214
3 0.207692 0.659829 0.013675 0.035043
3 0.221902 0.592521 0.019872 0.024359
3 0.226709 0.574145 0.021795 0.019231
3 0.191667 0.544444 0.020085 0.023932
3 0.178846 0.554487 0.010684 0.032906
3 0.269658 0.541453 0.021368 0.028205
3 0.266987 0.573504 0.020299 0.029915
3 0.274573 0.561538 0.018803 0.028205
3 0.235577 0.473932 0.011752 0.032479
3 0.217949 0.441880 0.016667 0.027350
3 0.223825 0.416026 0.016026 0.025214
3 0.217842 0.384829 0.018162 0.023504
3 0.195726 0.377778 0.020940 0.020513
9 0.217094 0.669017 0.022650 0.050855
9 0.192094 0.679060 0.023932 0.047863
9 0.289209 0.571368 0.022436 0.045299
9 0.254701 0.473718 0.014530 0.039744
9 0.208013 0.582051 0.014316 0.037607
9 0.208974 0.414744 0.018376 0.042308
9 0.206838 0.399573 0.018376 0.033333
0 0.302350 0.316667 0.012821 0.038462
0 0.286218 0.326068 0.019872 0.023932
0 0.287179 0.312821 0.020940 0.019658
0 0.295299 0.304701 0.017949 0.019658
0 0.239316 0.290171 0.013675 0.026496
0 0.243056 0.270726 0.013462 0.022650
0 0.253419 0.261966 0.011538 0.024786
0 0.255769 0.283547 0.010684 0.021795
0 0.264637 0.298932 0.017308 0.029487
0 0.267094 0.280342 0.020513 0.017949
0 0.340278 0.344017 0.018162 0.019658
0 0.345406 0.316026 0.012607 0.028632
0 0.234829 0.230983 0.014957 0.023504
0 0.230235 0.216026 0.011752 0.025214
0 0.241560 0.205342 0.015171 0.019231
0 0.246688 0.216880 0.016880 0.024359
0 0.251175 0.229487 0.017735 0.016239