8 0.160552 0.342217 0.167208 0.282410
8 0.954870 0.141062 0.090260 0.282124
2 0.887338 0.038636 0.112338 0.077272
2 0.850649 0.089114 0.107792 0.140909
2 0.857955 0.239792 0.101623 0.153342
2 0.068344 0.464773 0.136688 0.184129
2 0.081818 0.573711 0.148701 0.140317
2 0.184416 0.671400 0.156494 0.142685
0 0.618344 0.767017 0.227597 0.202483
0 0.593506 0.915183 0.134416 0.169633
6 0.860065 0.734158 0.177922 0.313197
7 0.950162 0.964916 0.093182 0.070168
1 0.346429 0.274723 0.088312 0.278858
1 0.444156 0.367972 0.114286 0.170512
1 0.501299 0.434874 0.111688 0.178801
4 0.285552 0.037748 0.108766 0.075496
4 0.181818 0.107172 0.133117 0.120187