1 0.080519 0.086824 0.070779 0.114998
1 0.153084 0.080226 0.049675 0.110599
1 0.220292 0.050796 0.071753 0.101592
1 0.304708 0.102849 0.063961 0.114370
1 0.361526 0.081797 0.067208 0.106200
1 0.414123 0.060117 0.060714 0.104315
1 0.482305 0.047968 0.058117 0.095936
1 0.201948 0.292313 0.045455 0.120025
1 0.118506 0.271575 0.044805 0.122539
1 0.029221 0.252095 0.046104 0.118768
1 0.024188 0.419564 0.048376 0.094261
1 0.747403 0.059803 0.044156 0.108714
1 0.819805 0.051739 0.044156 0.103477
1 0.900325 0.048911 0.047403 0.097822
1 0.974351 0.062945 0.046753 0.111227
7 0.356494 0.275031 0.110390 0.228739
2 0.588799 0.301424 0.095779 0.120654
2 0.645455 0.251780 0.072078 0.133222
2 0.713149 0.226644 0.058117 0.133222
2 0.789286 0.222245 0.059740 0.138249
2 0.865584 0.252409 0.068831 0.140762
2 0.845617 0.631022 0.106818 0.157729
2 0.823539 0.915061 0.112662 0.167784
2 0.632468 0.588919 0.098701 0.138877
2 0.667045 0.532991 0.105519 0.135107
2 0.571753 0.661814 0.106494 0.150189
2 0.510877 0.710829 0.091234 0.158986
2 0.427922 0.747905 0.079221 0.160243
2 0.481169 0.913071 0.087013 0.173858
2 0.392045 0.930352 0.070455 0.139296
2 0.313799 0.940406 0.052922 0.119187
2 0.219805 0.948890 0.064935 0.102220
2 0.109416 0.946690 0.057792 0.106619
2 0.058442 0.564097 0.090909 0.134478
2 0.123377 0.514453 0.071429 0.134478
2 0.191234 0.486804 0.056494 0.149560
2 0.255032 0.475492 0.058117 0.149560
8 0.095779 0.579493 0.148052 0.248220
8 0.209253 0.768957 0.149675 0.266443
8 0.720455 0.313364 0.125325 0.241307