1 0.562061 0.294736 0.034160 0.025869
1 0.673387 0.230926 0.031211 0.033458
1 0.708284 0.234547 0.018923 0.041391
1 0.728067 0.214369 0.028999 0.019661
1 0.742812 0.240239 0.028999 0.021730
1 0.767756 0.225579 0.018923 0.042081
1 0.789505 0.195226 0.030473 0.018626
1 0.791962 0.263866 0.032931 0.023455
1 0.803144 0.326469 0.035143 0.024490
1 0.775374 0.372689 0.021380 0.049324
1 0.727084 0.391142 0.030473 0.040011
1 0.690221 0.354408 0.025067 0.047254
1 0.674001 0.332678 0.032439 0.028629
1 0.669701 0.299565 0.033668 0.022420
1 0.607894 0.343026 0.030965 0.018281
1 0.629151 0.369240 0.032685 0.023110
1 0.667735 0.378035 0.026295 0.040701
1 0.743549 0.458057 0.033422 0.036562
1 0.801915 0.454781 0.034651 0.023110
1 0.821575 0.487893 0.032685 0.030008
1 0.764315 0.491687 0.033668 0.023110
1 0.784958 0.562741 0.018923 0.050014
1 0.816415 0.582230 0.034651 0.021385
1 0.947277 0.760037 0.031948 0.018971
1 0.942240 0.738480 0.034160 0.019316
1 0.916436 0.740549 0.016957 0.046220
1 0.628783 0.653801 0.028016 0.043805
1 0.610966 0.622930 0.033177 0.025524
1 0.640825 0.593957 0.031948 0.018626
1 0.608877 0.581367 0.028999 0.028629
1 0.555794 0.429774 0.035388 0.024834
1 0.549282 0.365618 0.032194 0.028974
1 0.498289 0.763314 0.031456 0.020006
1 0.480594 0.795219 0.026541 0.041736
1 0.125606 0.754001 0.034160 0.021385
1 0.094026 0.724338 0.030965 0.035182
1 0.148583 0.732788 0.034405 0.025869
1 0.191590 0.712093 0.033422 0.023800
1 0.219851 0.685017 0.034405 0.020695
1 0.179794 0.676566 0.031948 0.036907
1 0.141948 0.463749 0.032439 0.033458
1 0.173650 0.472544 0.033422 0.024834
1 0.204246 0.455298 0.034160 0.020006
4 0.092429 0.215059 0.035143 0.024490
4 0.117864 0.180050 0.035880 0.020695
4 0.121305 0.217129 0.016711 0.046565
4 0.103857 0.253863 0.034897 0.029663
4 0.073260 0.384071 0.034651 0.034147
4 0.113564 0.395454 0.036126 0.022420
4 0.085794 0.420461 0.034651 0.024145
4 0.090217 0.490308 0.028753 0.041046
4 0.113564 0.532906 0.015974 0.046909
4 0.410064 0.259209 0.030473 0.034837
4 0.427635 0.241101 0.030719 0.017936
4 0.474082 0.648282 0.014008 0.046565
4 0.498411 0.671565 0.025804 0.045530
4 0.524707 0.656388 0.017940 0.050359
4 0.096361 0.615515 0.033668 0.034147
4 0.099925 0.640522 0.031456 0.040701
4 0.195399 0.603442 0.036126 0.021040
4 0.703246 0.305774 0.018186 0.047944
4 0.733473 0.325262 0.034405 0.022075
4 0.873306 0.285251 0.030965 0.031043
4 0.898987 0.280077 0.017448 0.048979
4 0.854015 0.658285 0.033177 0.032078
4 0.887191 0.633278 0.035634 0.023455
4 0.891737 0.668805 0.030965 0.020695
4 0.865811 0.691570 0.028261 0.024145
4 0.864582 0.717612 0.032685 0.019661
0 0.588111 0.908871 0.025804 0.044840
0 0.567345 0.905940 0.032931 0.031388
0 0.582459 0.854029 0.034160 0.031043
0 0.532325 0.861789 0.022363 0.045875
0 0.506030 0.899731 0.034651 0.024490
0 0.475556 0.879381 0.017940 0.050704
0 0.536380 0.767970 0.035388 0.027249
0 0.564519 0.740549 0.033177 0.020695
0 0.524707 0.730891 0.033177 0.036562
0 0.440905 0.704332 0.034651 0.035182
0 0.418911 0.653801 0.033914 0.023110
0 0.382539 0.681912 0.033422 0.023455
0 0.370129 0.645178 0.032685 0.038976
0 0.734825 0.586714 0.036126 0.022765
0 0.696242 0.579125 0.033177 0.036562
0 0.667612 0.482202 0.033914 0.024834
0 0.652621 0.455988 0.035880 0.022765
0 0.622148 0.436500 0.019169 0.049324
0 0.515737 0.491860 0.025558 0.046909
0 0.469781 0.494619 0.026050 0.045530
0 0.469044 0.525662 0.031948 0.030353
0 0.400725 0.492205 0.034897 0.033802
0 0.366565 0.520488 0.034897 0.026904
0 0.368409 0.484099 0.029736 0.031388
0 0.341376 0.511175 0.014991 0.046220
0 0.461549 0.440639 0.035143 0.025179
0 0.495094 0.414597 0.028999 0.044150
0 0.490793 0.311120 0.033668 0.026214
0 0.511928 0.287838 0.033668 0.023800
0 0.477522 0.277835 0.030719 0.030008
0 0.411415 0.386658 0.033177 0.024145
0 0.396424 0.359582 0.034651 0.022420
0 0.375658 0.378553 0.031456 0.034837
0 0.284361 0.396489 0.035634 0.025869
0 0.306356 0.373034 0.033422 0.018971
0 0.272320 0.364238 0.031211 0.037942
0 0.226733 0.362169 0.035880 0.019316
0 0.205229 0.385279 0.034160 0.026904
0 0.192327 0.353373 0.036371 0.033458
0 0.106806 0.302325 0.032439 0.038286
0 0.153253 0.239204 0.027033 0.044495
0 0.166155 0.212990 0.019414 0.046565
0 0.263350 0.177290 0.033914 0.034492
0 0.309305 0.208333 0.034405 0.021385
0 0.302056 0.276283 0.037109 0.027594
0 0.140884 0.807687 0.027987 0.023374
0 0.142850 0.845020 0.030068 0.024672