3 0.264822 0.866240 0.022868 0.040906
3 0.258893 0.823703 0.025409 0.035636
3 0.232496 0.800489 0.027668 0.022335
3 0.253882 0.778029 0.022445 0.038647
3 0.234684 0.758580 0.025551 0.035385
3 0.265104 0.704624 0.021739 0.039902
3 0.296090 0.659201 0.024139 0.035385
3 0.298913 0.690068 0.025268 0.032875
3 0.298560 0.763348 0.018634 0.038898
3 0.292137 0.812033 0.028656 0.029362
3 0.326652 0.797227 0.024562 0.034883
3 0.325452 0.821444 0.024704 0.037142
3 0.355802 0.802121 0.024704 0.033628
3 0.376412 0.776899 0.026680 0.030366
3 0.355449 0.729971 0.025127 0.035887
3 0.333427 0.689316 0.022021 0.039902
3 0.323052 0.740511 0.023574 0.031872
3 0.322770 0.643641 0.024139 0.030366
3 0.341050 0.598595 0.021174 0.023088
3 0.363001 0.599849 0.021033 0.025096
3 0.393210 0.614279 0.024986 0.025347
3 0.424689 0.636740 0.024986 0.031119
3 0.416925 0.691700 0.026398 0.033628
3 0.384529 0.686053 0.022868 0.036891
3 0.364625 0.651421 0.023715 0.035385
3 0.387564 0.739507 0.024139 0.026852
3 0.414385 0.743020 0.024704 0.022335
3 0.418196 0.780538 0.027809 0.028609
1 0.330957 0.841144 0.026115 0.035385
1 0.381282 0.797980 0.025692 0.036389
1 0.348814 0.784679 0.025974 0.036389
1 0.359966 0.746032 0.025692 0.036389
1 0.325522 0.758831 0.026539 0.034381
1 0.313029 0.789698 0.024986 0.034883
1 0.295102 0.829600 0.027809 0.032875
1 0.282891 0.798356 0.027103 0.038145
1 0.285361 0.747412 0.021880 0.042161
1 0.273715 0.715666 0.024280 0.039902
1 0.286350 0.646151 0.023292 0.035887
1 0.314935 0.595960 0.021174 0.023339
1 0.337168 0.617165 0.025833 0.027605
1 0.355872 0.640003 0.023433 0.036138
1 0.371612 0.608507 0.021316 0.033879
1 0.330322 0.655938 0.026539 0.029362
1 0.339497 0.703620 0.023151 0.041408
1 0.310982 0.705377 0.026539 0.035887
1 0.426313 0.656189 0.027950 0.027354
1 0.407962 0.679277 0.025974 0.034381
1 0.375847 0.673254 0.023857 0.039400
1 0.416502 0.760713 0.026680 0.025096
1 0.423984 0.797478 0.026398 0.028860
1 0.384529 0.755945 0.027103 0.028107
2 0.316911 0.957463 0.024845 0.043165
2 0.323052 0.977288 0.025551 0.040655
2 0.346556 0.992785 0.027668 0.014430
2 0.352979 0.984629 0.029221 0.030742
2 0.354814 0.967501 0.026962 0.035134
2 0.373518 0.959972 0.024845 0.044670
2 0.355943 0.923207 0.026962 0.037393
2 0.355661 0.900119 0.026962 0.034883
2 0.377894 0.871636 0.024845 0.037644
2 0.374435 0.850304 0.025268 0.038145
2 0.394198 0.831608 0.027244 0.023339
2 0.404291 0.852939 0.027950 0.029362
2 0.438485 0.886693 0.028579 0.023088
2 0.439877 0.904511 0.030517 0.022586
2 0.437757 0.925466 0.027970 0.022837
2 0.439630 0.946170 0.027764 0.020077
2 0.431818 0.985758 0.022868 0.028484
5 0.135610 0.797722 0.026322 0.030303
5 0.136248 0.817821 0.025046 0.030921
5 0.103664 0.802876 0.027134 0.032364
5 0.104708 0.822665 0.029453 0.029891
5 0.099606 0.898114 0.027597 0.024119
5 0.100591 0.918831 0.028873 0.026799
5 0.130160 0.910379 0.026554 0.032571
5 0.131494 0.890280 0.026670 0.034426
5 0.034265 0.874613 0.029105 0.028654
5 0.029917 0.855442 0.027134 0.024119
5 0.044237 0.941713 0.027481 0.031746
5 0.045802 0.962327 0.028989 0.031334
5 0.083720 0.979128 0.028293 0.019171
5 0.083024 0.993532 0.029221 0.012935
2 0.464950 0.894464 0.016972 0.021514
2 0.466721 0.915847 0.016677 0.019677