1 0.518624 0.437086 0.038084 0.039735
1 0.573448 0.320088 0.038921 0.045254
1 0.617810 0.276490 0.038921 0.038631
1 0.389305 0.660320 0.037247 0.042494
1 0.107232 0.302980 0.039758 0.040839
1 0.080238 0.183775 0.037666 0.040839
3 0.883142 0.153698 0.056498 0.038079
1 0.763868 0.836645 0.037247 0.043046
3 0.671797 0.212196 0.038921 0.038079
3 0.624506 0.461093 0.040595 0.036976
3 0.444966 0.319812 0.037247 0.038079
3 0.166869 0.336093 0.039340 0.040839
3 0.108278 0.764349 0.036829 0.039735
3 0.865774 0.807395 0.037666 0.044150
3 0.754661 0.524283 0.035573 0.037528
3 0.881887 0.419150 0.028040 0.021523
3 0.440572 0.748344 0.037666 0.043046
0 0.672843 0.315949 0.035992 0.040287
0 0.881678 0.375000 0.031806 0.021523
0 0.724738 0.169978 0.040177 0.043046
0 0.706324 0.443157 0.039340 0.041943
0 0.496861 0.731512 0.038084 0.039183
0 0.473425 0.814845 0.038921 0.041391
0 0.506487 0.972958 0.041432 0.029801
0 0.594373 0.975717 0.046454 0.028698
0 0.682050 0.976269 0.045199 0.029801
0 0.343688 0.347682 0.038921 0.041943
0 0.331970 0.217439 0.038084 0.039735
0 0.056383 0.456954 0.038503 0.040839
0 0.063079 0.595475 0.040177 0.038631
0 0.048222 0.666943 0.038921 0.041391
5 0.203488 0.628311 0.040595 0.044702
5 0.316485 0.501380 0.037247 0.040287
5 0.496024 0.622241 0.037247 0.039183
5 0.579098 0.581402 0.038503 0.039183
5 0.682887 0.543598 0.035992 0.040839
5 0.825598 0.672737 0.035155 0.037528
5 0.882724 0.328918 0.031388 0.019868
5 0.243037 0.354305 0.038503 0.039735
5 0.045084 0.389625 0.038503 0.039735
2 0.124391 0.483444 0.038084 0.038631
2 0.140503 0.250552 0.038503 0.038631
2 0.398721 0.227373 0.041851 0.041943
2 0.883979 0.236203 0.031388 0.022075
2 0.729132 0.341887 0.038084 0.038079
2 0.818483 0.315397 0.037666 0.036976
2 0.449779 0.512141 0.036829 0.041943
2 0.444339 0.394868 0.035992 0.040287
2 0.560474 0.812914 0.038084 0.044150
2 0.878539 0.674669 0.038084 0.041391
1 0.881678 0.282009 0.030132 0.023179