6 0.516667 0.482889 0.022222 0.021778
6 0.516333 0.500222 0.022000 0.020000
6 0.551444 0.568000 0.015333 0.035556
6 0.563000 0.577778 0.015778 0.040000
6 0.563889 0.551111 0.021111 0.028444
6 0.486111 0.602000 0.010000 0.043111
6 0.498556 0.604444 0.010889 0.035556
6 0.506778 0.633556 0.024222 0.022667
6 0.515778 0.689111 0.012000 0.042222
6 0.528000 0.724000 0.020444 0.031111
6 0.534000 0.697111 0.019556 0.033333
6 0.517667 0.741333 0.018444 0.054222
6 0.540444 0.489778 0.025778 0.045333
6 0.601778 0.536000 0.020889 0.047111
6 0.513444 0.597111 0.022444 0.039556
10 0.572333 0.739556 0.023778 0.057778
4 0.582222 0.717778 0.019556 0.036444
4 0.579222 0.700889 0.023333 0.036444
4 0.599667 0.703556 0.014000 0.041778
4 0.581889 0.676000 0.018444 0.037333
4 0.585444 0.663111 0.019778 0.033778
4 0.598444 0.648444 0.017333 0.034667
4 0.609222 0.676444 0.012667 0.047111
4 0.457111 0.281556 0.020889 0.021778
4 0.454333 0.263333 0.018444 0.015556
4 0.454222 0.252889 0.016000 0.018667
4 0.452222 0.243556 0.016000 0.016889
4 0.511111 0.240889 0.017333 0.016889
4 0.505778 0.232000 0.019111 0.019556
4 0.506333 0.218444 0.018889 0.019111
4 0.504444 0.207333 0.018667 0.020000
4 0.386823 0.253561 0.015527 0.023362
4 0.381624 0.278917 0.017094 0.027350
4 0.371795 0.257123 0.017379 0.025356
4 0.367236 0.279487 0.017379 0.020513
4 0.366382 0.247009 0.017664 0.023932
4 0.383262 0.192593 0.018661 0.021652
4 0.383333 0.179915 0.018234 0.021368
4 0.388533 0.167094 0.016667 0.020228
10 0.356268 0.284900 0.023647 0.035328
4 0.289174 0.328348 0.016524 0.021937
4 0.291097 0.355983 0.018661 0.037892
10 0.274074 0.340028 0.020798 0.039031
10 0.293875 0.327920 0.022507 0.033618
4 0.322721 0.161538 0.012963 0.030199
4 0.307692 0.151282 0.010541 0.030199
4 0.299573 0.125499 0.010541 0.024217
4 0.303704 0.113675 0.013960 0.025641
4 0.318803 0.116239 0.008832 0.027920
4 0.326211 0.140598 0.015670 0.025356
4 0.339957 0.143732 0.010684 0.029345
10 0.314387 0.176923 0.025356 0.035897
10 0.294516 0.138889 0.022365 0.038462
10 0.334758 0.120513 0.024786 0.037607
4 0.230018 0.591935 0.019176 0.047670
4 0.221774 0.586022 0.017384 0.034409
4 0.206452 0.583692 0.020072 0.036201
4 0.195609 0.588172 0.019892 0.040143
4 0.174910 0.577061 0.011828 0.043728
4 0.189516 0.563978 0.023477 0.024731
4 0.181989 0.541398 0.015591 0.038351
4 0.194892 0.541935 0.011649 0.036559
4 0.206093 0.522043 0.016846 0.038351
4 0.215054 0.539427 0.024014 0.036559
3 0.208333 0.750717 0.017384 0.041219
3 0.215323 0.739785 0.017384 0.041577
3 0.225448 0.731004 0.016487 0.036918
3 0.234498 0.724014 0.014516 0.043728
3 0.251075 0.727419 0.020430 0.044086
3 0.207796 0.703405 0.017025 0.035484
3 0.219444 0.694086 0.013799 0.039785
3 0.251165 0.686738 0.017025 0.047312
3 0.245430 0.653047 0.013441 0.038710
3 0.258333 0.651613 0.011649 0.040143
9 0.233154 0.685484 0.018280 0.042652
9 0.208065 0.663262 0.027599 0.046237
9 0.208602 0.396057 0.024731 0.037276
9 0.217832 0.368280 0.017384 0.038351
3 0.227419 0.395878 0.014695 0.031183
3 0.233602 0.383871 0.015233 0.030824
3 0.239875 0.376344 0.014158 0.030824
3 0.226344 0.346774 0.022939 0.021147
1 0.229570 0.323656 0.021505 0.025806
1 0.248029 0.313799 0.014695 0.037634
1 0.245341 0.292115 0.014695 0.032258
1 0.259767 0.286559 0.016667 0.033333
1 0.259677 0.262724 0.009319 0.032258
1 0.229659 0.296774 0.016308 0.031541
1 0.226254 0.276523 0.007706 0.036201
1 0.215860 0.279032 0.014158 0.033333
1 0.228674 0.247491 0.010753 0.030466
1 0.237455 0.272939 0.017921 0.026165
1 0.244713 0.253047 0.020968 0.025806
1 0.245968 0.264875 0.017025 0.025806
7 0.267115 0.270789 0.022760 0.040502
11 0.244713 0.140502 0.020251 0.040143
5 0.268190 0.162007 0.021685 0.029391
5 0.252419 0.146416 0.010932 0.034050
5 0.265681 0.153047 0.018459 0.027957
5 0.270251 0.135842 0.019713 0.022222
11 0.262455 0.120789 0.014158 0.036559
0 0.282168 0.249462 0.011649 0.040860
6 0.263082 0.230824 0.025448 0.036559
6 0.276613 0.230824 0.019176 0.033692
0 0.294803 0.225448 0.019713 0.021505
0 0.279122 0.213262 0.013799 0.029391
0 0.285753 0.204839 0.014875 0.028315
0 0.263082 0.205914 0.011111 0.034050
0 0.307796 0.278853 0.018817 0.025090
0 0.315143 0.267025 0.019892 0.026523
0 0.317563 0.252688 0.017921 0.024373
0 0.321953 0.242294 0.019892 0.027240
0 0.297312 0.591398 0.025448 0.022939
0 0.298746 0.573835 0.023656 0.017921
0 0.291487 0.555018 0.025986 0.021147
0 0.270072 0.476703 0.011828 0.035125
0 0.281093 0.479032 0.013441 0.038351
6 0.302419 0.519534 0.024552 0.039068
6 0.269803 0.452330 0.026344 0.043728
3 0.416398 0.490860 0.010215 0.041935
3 0.424642 0.472043 0.014516 0.044444
3 0.425627 0.436559 0.021505 0.029391
3 0.455287 0.529032 0.019176 0.045161
3 0.461380 0.493011 0.020609 0.021147
3 0.441129 0.526523 0.016667 0.043011
3 0.432527 0.514516 0.017742 0.031183
3 0.439068 0.493190 0.022581 0.027957
3 0.437186 0.460394 0.016308 0.038351
3 0.426254 0.367563 0.015950 0.029749
3 0.431810 0.354301 0.016667 0.026882
3 0.435305 0.342832 0.019355 0.030466
3 0.491577 0.373835 0.011111 0.035842
3 0.501792 0.377419 0.012903 0.040143
3 0.505466 0.333692 0.022043 0.024373
3 0.518369 0.373835 0.016667 0.034409
3 0.523208 0.358065 0.015233 0.032975
3 0.529391 0.351792 0.014337 0.034050
9 0.491398 0.345161 0.021505 0.036559
9 0.498029 0.351792 0.023297 0.041935
9 0.517921 0.387097 0.025448 0.037993
3 0.464875 0.174194 0.017921 0.020789
3 0.470789 0.157706 0.014695 0.022939
3 0.487903 0.168817 0.021685 0.022939
3 0.481183 0.149462 0.017204 0.018638
3 0.474014 0.140323 0.016846 0.019713
3 0.470878 0.124910 0.008423 0.024731
9 0.460753 0.137814 0.017563 0.043369
9 0.473746 0.184229 0.020968 0.035125
5 0.409677 0.130466 0.016846 0.025090
5 0.412724 0.105735 0.019713 0.020072
5 0.423925 0.089785 0.009498 0.031900
5 0.432348 0.117204 0.011649 0.034409
5 0.444534 0.129211 0.018817 0.024014
5 0.441756 0.106093 0.012903 0.024373
5 0.787903 0.561111 0.016667 0.032616
5 0.773387 0.546057 0.019534 0.035484
5 0.771326 0.526703 0.021147 0.023297
5 0.802867 0.550717 0.019355 0.034767
5 0.787097 0.524014 0.015412 0.033692
5 0.791129 0.496774 0.018817 0.028674
5 0.748387 0.358244 0.016846 0.044803
5 0.755376 0.343369 0.021505 0.034409
5 0.720341 0.387634 0.015950 0.024731
5 0.714606 0.374194 0.019176 0.026523
5 0.697760 0.374910 0.018817 0.029391
5 0.700269 0.359140 0.019534 0.026523
5 0.703315 0.344982 0.018817 0.021864
5 0.711918 0.351971 0.019534 0.023656
5 0.721774 0.364695 0.019176 0.025448
5 0.704659 0.258244 0.016487 0.038351
5 0.771237 0.256272 0.018100 0.020789
5 0.759319 0.248746 0.019355 0.030108
5 0.744265 0.243369 0.016846 0.030824
5 0.756362 0.231900 0.013082 0.020789
5 0.772670 0.233513 0.017742 0.026165
5 0.770878 0.217742 0.020609 0.024014
5 0.757885 0.209498 0.011828 0.032616
11 0.715323 0.312186 0.026344 0.037993
11 0.780466 0.495878 0.027599 0.035484
11 0.805914 0.531541 0.024014 0.037993
0 0.829570 0.755376 0.017921 0.044803
0 0.842921 0.760394 0.017742 0.047670
0 0.852330 0.748029 0.019713 0.037276
0 0.826165 0.725806 0.021864 0.031541
0 0.841129 0.708423 0.016308 0.041935
0 0.739606 0.457168 0.018638 0.024731
0 0.741846 0.441039 0.020251 0.017563
0 0.761470 0.432258 0.020430 0.030108
0 0.747849 0.418817 0.011828 0.034050
0 0.735663 0.422581 0.019355 0.023656
0 0.722760 0.435484 0.020430 0.028674
0 0.728405 0.411828 0.021326 0.024373
6 0.753226 0.453047 0.016846 0.050896
8 0.682796 0.495341 0.022939 0.041577
8 0.602240 0.453226 0.022401 0.033333
8 0.600627 0.246774 0.025986 0.037634
2 0.656452 0.175986 0.020072 0.023656
2 0.655556 0.159140 0.021147 0.015771
2 0.655376 0.144265 0.018996 0.018996
2 0.591667 0.307885 0.018817 0.022939
2 0.611022 0.350538 0.019892 0.025090
2 0.609588 0.329570 0.019892 0.021147
2 0.609767 0.314875 0.018459 0.018996
2 0.609767 0.303047 0.019892 0.017563
2 0.589964 0.479928 0.018996 0.036559
2 0.599194 0.469534 0.015591 0.039427
2 0.593280 0.444982 0.016667 0.032616
2 0.588351 0.427599 0.022581 0.028674
2 0.610125 0.425627 0.019534 0.029749
2 0.668369 0.451792 0.020968 0.029749
2 0.687814 0.447849 0.014337 0.039785
2 0.668548 0.432079 0.018817 0.033333
1 0.662739 0.239847 0.010153 0.032950
1 0.618295 0.214368 0.022414 0.027969
1 0.615421 0.190613 0.020498 0.027969
1 0.624904 0.183142 0.019157 0.026820
1 0.628352 0.166284 0.012644 0.037548
1 0.612069 0.170881 0.017625 0.022222
1 0.609674 0.157854 0.017050 0.032184
1 0.683525 0.168199 0.016858 0.029119
1 0.692912 0.165326 0.016475 0.026437
1 0.708716 0.153831 0.015134 0.019540
1 0.699234 0.148659 0.010345 0.025287
1 0.678257 0.137548 0.015134 0.030651
1 0.686015 0.129502 0.011111 0.031418
1 0.692625 0.129119 0.013602 0.030651
1 0.700862 0.128161 0.013602 0.031034
1 0.690613 0.108238 0.016092 0.024904
7 0.653448 0.216858 0.021073 0.038314
7 0.628831 0.230651 0.023563 0.044444
7 0.681513 0.188506 0.023946 0.039080
1 0.763793 0.715900 0.028352 0.037165
1 0.785153 0.721839 0.020115 0.028352
1 0.780364 0.695785 0.025096 0.030651
1 0.759674 0.687165 0.019732 0.034100
1 0.767720 0.670498 0.020881 0.024521
1 0.789655 0.680651 0.020690 0.021073
1 0.768487 0.650192 0.014751 0.031418
1 0.788218 0.654215 0.021264 0.033333
1 0.772893 0.638889 0.024330 0.031801
2 0.551552 0.306536 0.020752 0.021569
2 0.547059 0.282026 0.014706 0.033333
2 0.556373 0.282680 0.015033 0.030065
2 0.497876 0.313235 0.021242 0.021242
2 0.495670 0.293464 0.018791 0.030065
3 0.846645 0.641667 0.020996 0.038745
3 0.852814 0.630952 0.018182 0.038961
3 0.860011 0.595887 0.010498 0.046320
3 0.852381 0.575974 0.018398 0.032035
3 0.836418 0.600649 0.013312 0.035065
3 0.830574 0.579978 0.021104 0.034416
3 0.824729 0.562338 0.017208 0.032035
3 0.844210 0.560931 0.021753 0.023160