1 0.552867 0.276523 0.020072 0.023297
1 0.551434 0.229749 0.012186 0.034409
1 0.558244 0.237993 0.013620 0.022939
1 0.565233 0.257885 0.019355 0.022581
1 0.571237 0.245520 0.020251 0.018638
1 0.572581 0.228315 0.017921 0.019355
1 0.641039 0.214158 0.020072 0.018996
1 0.640950 0.225269 0.018817 0.018280
1 0.639337 0.235484 0.019176 0.020072
1 0.635484 0.323835 0.018996 0.021864
1 0.633154 0.334409 0.020072 0.027240
1 0.631631 0.349283 0.020609 0.020430
1 0.624910 0.355556 0.022222 0.025090
1 0.604211 0.315233 0.008781 0.034767
7 0.572043 0.306631 0.021147 0.043369
7 0.596416 0.293548 0.020430 0.036559
7 0.630018 0.258423 0.018459 0.042294
8 0.544176 0.321864 0.021685 0.035842
8 0.608602 0.557348 0.016846 0.038710
8 0.534229 0.514875 0.023656 0.031900
2 0.596970 0.250673 0.018855 0.019865
2 0.600000 0.238047 0.022222 0.021549
2 0.601768 0.227273 0.016667 0.021549
2 0.502946 0.327609 0.018687 0.019529
2 0.500589 0.341582 0.021380 0.019865
2 0.498990 0.355051 0.019192 0.019192
2 0.443771 0.367340 0.019192 0.017508
2 0.442088 0.382660 0.017508 0.017845
2 0.533333 0.378114 0.017508 0.018182
2 0.549747 0.374747 0.019024 0.016835
2 0.551178 0.387879 0.017172 0.018855
2 0.551178 0.403535 0.020202 0.020539
2 0.565236 0.399158 0.011953 0.031313
2 0.522559 0.490741 0.022559 0.026599
2 0.526431 0.510606 0.015152 0.031313
2 0.543013 0.490909 0.018687 0.028283
2 0.530387 0.530976 0.018013 0.039057
2 0.521380 0.539731 0.018182 0.035017
2 0.598653 0.518350 0.019865 0.029966
2 0.599327 0.494276 0.019192 0.034343
2 0.616835 0.512795 0.012121 0.037710
0 0.448090 0.768576 0.023264 0.028125
0 0.455903 0.742361 0.020833 0.036806
0 0.439236 0.736806 0.014236 0.045833
0 0.433941 0.681250 0.023437 0.025694
0 0.416319 0.652083 0.011806 0.043750
0 0.426042 0.654340 0.013542 0.039236
0 0.478733 0.623264 0.015799 0.036111
0 0.490104 0.630035 0.015625 0.035069
0 0.492014 0.606771 0.020486 0.027431
0 0.450868 0.557465 0.020139 0.022569
0 0.451128 0.538889 0.021007 0.016667
0 0.368663 0.432639 0.022049 0.023611
0 0.368490 0.417187 0.021354 0.010764
0 0.368490 0.408160 0.019965 0.018403
0 0.323177 0.363542 0.016146 0.028472
0 0.330122 0.353646 0.016146 0.025347
6 0.437153 0.781250 0.018403 0.058333
6 0.529340 0.591493 0.020139 0.046875
6 0.472830 0.549132 0.025868 0.039931
6 0.390712 0.398437 0.019965 0.036458
6 0.315885 0.335937 0.021354 0.036458
0 0.268730 0.347302 0.017143 0.023492
0 0.275635 0.336825 0.018889 0.025397
0 0.277778 0.322381 0.015556 0.021270
0 0.283492 0.314603 0.020317 0.030476
0 0.244444 0.313333 0.010476 0.032381
0 0.250714 0.297302 0.017619 0.016825
0 0.221349 0.303333 0.013175 0.025714
0 0.225397 0.282540 0.014603 0.026032
0 0.236429 0.275079 0.014444 0.021270
0 0.221746 0.237460 0.015873 0.023492
0 0.216270 0.220317 0.012540 0.026032
0 0.229286 0.209206 0.015714 0.017778
0 0.234365 0.222222 0.017619 0.021587
0 0.237460 0.235714 0.020000 0.018095
6 0.224762 0.309206 0.020635 0.040635
6 0.231825 0.293968 0.021746 0.033651
11 0.188810 0.346825 0.017302 0.035238
5 0.207302 0.353333 0.010159 0.029841
5 0.501820 0.774713 0.024330 0.026054
5 0.501054 0.757088 0.023563 0.023755
5 0.498659 0.741379 0.023372 0.023755
5 0.504406 0.712644 0.021456 0.032950
5 0.488314 0.717625 0.022605 0.032950
5 0.479406 0.763218 0.022031 0.036782
5 0.631705 0.443678 0.021264 0.032184
5 0.636207 0.430268 0.020690 0.027586
5 0.639559 0.418199 0.020498 0.027969
5 0.680556 0.427395 0.017433 0.038697
5 0.690900 0.416858 0.020881 0.032184
5 0.701724 0.601533 0.022222 0.024521
5 0.712261 0.583525 0.019540 0.029119
5 0.692337 0.692337 0.020307 0.023755
5 0.675096 0.710536 0.019540 0.040996
5 0.675958 0.747510 0.017816 0.040613
5 0.693295 0.730077 0.013027 0.038697
5 0.696073 0.763218 0.020881 0.029885
5 0.742146 0.806513 0.021073 0.040613
5 0.748659 0.796360 0.019923 0.040996
5 0.758429 0.788123 0.019923 0.039080
11 0.775766 0.771073 0.029693 0.038697
11 0.650958 0.383525 0.023372 0.039080
1 0.706684 0.319097 0.020312 0.022917
1 0.703559 0.307292 0.020660 0.018056
1 0.708941 0.295660 0.020312 0.017708
1 0.711892 0.284896 0.022049 0.021181
0 0.669097 0.521528 0.020486 0.025000
0 0.670486 0.509375 0.021181 0.022917
0 0.691753 0.499826 0.019618 0.030903
0 0.678472 0.487153 0.012500 0.029861
0 0.665712 0.489757 0.016493 0.027431
0 0.659809 0.480035 0.020660 0.023958
0 0.653125 0.502431 0.020486 0.028472
6 0.680729 0.520139 0.014583 0.050000
6 0.440789 0.647076 0.020175 0.036842
4 0.459722 0.441667 0.019444 0.027037
4 0.437778 0.425079 0.015873 0.031111
4 0.446111 0.416349 0.019524 0.020000
4 0.460873 0.316984 0.019524 0.018095
4 0.456349 0.307619 0.019683 0.019683
4 0.456825 0.294444 0.017778 0.015556
4 0.455397 0.285873 0.017143 0.016825
4 0.405397 0.351429 0.021270 0.020317
4 0.405397 0.336190 0.020000 0.021587
4 0.403968 0.325079 0.020000 0.012698
4 0.402698 0.314762 0.019365 0.018095
4 0.341587 0.268413 0.017143 0.018095
4 0.342778 0.255079 0.017302 0.017460
4 0.347222 0.246349 0.016667 0.021587
4 0.394921 0.203175 0.013968 0.024762
4 0.401746 0.198730 0.014603 0.024762
4 0.405000 0.188571 0.016349 0.024127
10 0.420635 0.244603 0.022222 0.036508
10 0.380714 0.178095 0.021429 0.039365
10 0.270159 0.238889 0.021905 0.032698
10 0.259762 0.224444 0.021429 0.036825
10 0.235288 0.403909 0.023663 0.034979
4 0.252469 0.399588 0.020165 0.022222
3 0.149691 0.777572 0.018313 0.038272
3 0.157305 0.765844 0.015844 0.039506
3 0.167078 0.758025 0.015638 0.037037
3 0.175514 0.753498 0.013580 0.040329
3 0.184465 0.746708 0.015432 0.042387
3 0.186831 0.638272 0.022222 0.022222
3 0.188374 0.624280 0.019959 0.017284
3 0.154938 0.586008 0.017695 0.040329
3 0.145679 0.583951 0.012757 0.041975
3 0.244856 0.604115 0.020988 0.023045
3 0.244856 0.588272 0.019342 0.019342
3 0.245473 0.576337 0.020988 0.024280
3 0.207819 0.509671 0.012346 0.034979
3 0.188889 0.451852 0.014403 0.029630
3 0.195679 0.444033 0.014403 0.032922
3 0.200103 0.433951 0.014198 0.027572
3 0.190021 0.407202 0.020782 0.019342
9 0.171811 0.451235 0.026337 0.039095
9 0.180453 0.426543 0.015638 0.035802
9 0.228086 0.510905 0.016255 0.037449
9 0.168621 0.627572 0.015021 0.034568
9 0.157716 0.695267 0.027366 0.039918
9 0.173148 0.690329 0.030247 0.035802
9 0.239609 0.553704 0.028189 0.033333
3 0.368004 0.494650 0.022428 0.028807
3 0.355556 0.541358 0.012757 0.042387
3 0.365123 0.526955 0.011728 0.038272
3 0.376440 0.519136 0.015021 0.035802
3 0.377058 0.548148 0.021193 0.025514
3 0.397325 0.548971 0.019753 0.022222
3 0.369650 0.565226 0.017078 0.034156
3 0.376132 0.578395 0.016461 0.039095
3 0.389712 0.579835 0.018519 0.041975
3 0.780159 0.661508 0.017460 0.040476
3 0.765575 0.628175 0.019246 0.028571
3 0.747024 0.627976 0.018651 0.032143
3 0.752976 0.643056 0.020635 0.030556
3 0.759325 0.665278 0.013889 0.040079