0 0.867208 0.640548 0.024026 0.053680
1 0.670292 0.226696 0.010065 0.024820
1 0.669318 0.197258 0.017208 0.017893
1 0.686851 0.215729 0.013961 0.023665
0 0.881331 0.625541 0.012662 0.047908
0 0.905195 0.647475 0.014286 0.046753
0 0.954545 0.664791 0.027922 0.034055
0 0.934578 0.706926 0.025000 0.046753
6 0.946429 0.552237 0.036364 0.045599
6 0.879221 0.506349 0.037013 0.047330
7 0.750325 0.243146 0.029221 0.043867
7 0.698701 0.203030 0.022078 0.039827
1 0.695942 0.228139 0.017208 0.025397
3 0.511851 0.569841 0.023701 0.039250
3 0.492532 0.556566 0.013636 0.045022
3 0.487338 0.505483 0.016234 0.036364
3 0.474675 0.551082 0.024675 0.019048
3 0.453734 0.532900 0.025649 0.024242
9 0.449026 0.472583 0.018182 0.045599
9 0.531981 0.506638 0.024351 0.044444
11 0.482305 0.236219 0.022403 0.045022
11 0.382792 0.239683 0.022727 0.041558
5 0.424351 0.185137 0.021429 0.020202
5 0.456006 0.194949 0.016558 0.020202
5 0.440909 0.206205 0.015584 0.019625
5 0.418831 0.201876 0.016234 0.013276
5 0.427760 0.212554 0.016558 0.017316
10 0.667532 0.274315 0.027922 0.041558
10 0.643831 0.335209 0.027922 0.040981
4 0.667532 0.366089 0.024026 0.021934
4 0.670455 0.343867 0.024675 0.022511
4 0.643019 0.306061 0.023052 0.019625
4 0.622403 0.286436 0.024026 0.023088
2 0.251786 0.558586 0.028247 0.025974
2 0.226786 0.569553 0.027597 0.029437
2 0.187662 0.701154 0.014935 0.051371
2 0.208117 0.687879 0.025325 0.044444
2 0.229383 0.710101 0.031494 0.043867
8 0.225812 0.605628 0.031494 0.049639
8 0.296104 0.609957 0.035714 0.044444