0 0.486250 0.779444 0.021389 0.030000
0 0.476944 0.744722 0.017222 0.047222
0 0.494306 0.751667 0.020278 0.038889
0 0.446944 0.655278 0.010556 0.050556
0 0.469167 0.685278 0.025000 0.026111
0 0.459444 0.655556 0.010556 0.041111
0 0.511667 0.619722 0.015556 0.037222
0 0.524444 0.626111 0.015000 0.033333
0 0.526389 0.599167 0.018333 0.031667
0 0.480833 0.545833 0.024444 0.023889
0 0.479444 0.526389 0.025556 0.018333
0 0.387917 0.408611 0.021389 0.020556
0 0.385972 0.392778 0.024722 0.020000
0 0.386250 0.380278 0.021389 0.019444
0 0.332361 0.326389 0.016944 0.031667
0 0.339722 0.315833 0.019444 0.030556
0 0.272222 0.309444 0.021667 0.023333
0 0.279167 0.298611 0.022222 0.026111
0 0.280417 0.281111 0.019167 0.023333
0 0.285417 0.270833 0.020833 0.026111
6 0.477361 0.799167 0.016389 0.055000
6 0.474167 0.648056 0.022222 0.035000
6 0.503611 0.537222 0.025556 0.041111
6 0.564861 0.583889 0.021944 0.050000
6 0.408472 0.368056 0.024722 0.039444
6 0.323056 0.297222 0.021667 0.037778
0 0.703241 0.497068 0.018519 0.024383
0 0.705556 0.482870 0.017593 0.020062
0 0.726003 0.472377 0.020216 0.029938
0 0.712731 0.458488 0.011265 0.034877
0 0.699383 0.463426 0.017901 0.025617
0 0.686265 0.476080 0.020370 0.029938
0 0.693364 0.450463 0.021296 0.028704
0 0.245910 0.277006 0.011574 0.036111
0 0.259105 0.252160 0.018519 0.022840
0 0.243596 0.239352 0.014969 0.029321
0 0.249614 0.231636 0.014352 0.031790
0 0.227855 0.231636 0.011883 0.035494
0 0.229475 0.188426 0.019444 0.023148
0 0.231867 0.167747 0.021451 0.022531
0 0.230633 0.155093 0.017438 0.020062
0 0.215586 0.160494 0.017593 0.024691
0 0.214583 0.184568 0.011574 0.031481
6 0.222531 0.268827 0.022222 0.030247
6 0.236883 0.250154 0.024691 0.036728
11 0.184524 0.314921 0.020159 0.038095
5 0.205556 0.319213 0.012963 0.036574
5 0.712500 0.391898 0.018056 0.042130
5 0.720833 0.378472 0.017130 0.033796
5 0.663889 0.410880 0.021759 0.032870
5 0.666435 0.393981 0.020833 0.024074
5 0.668634 0.380556 0.019213 0.026852
5 0.739005 0.583565 0.021065 0.021759
5 0.748611 0.563657 0.018981 0.028241
5 0.731481 0.683796 0.019444 0.024074
5 0.715162 0.704167 0.017824 0.040741
5 0.715741 0.743981 0.018519 0.041667
5 0.734491 0.722685 0.012963 0.041667
5 0.737037 0.760648 0.021296 0.027778
5 0.783449 0.801157 0.021065 0.041204
5 0.790509 0.789352 0.021296 0.038889
5 0.799190 0.781713 0.020139 0.041204
5 0.543056 0.716898 0.021759 0.035648
5 0.526968 0.721991 0.021991 0.035648
5 0.537384 0.745139 0.022454 0.023611
5 0.540741 0.763889 0.023148 0.025000
5 0.542014 0.785648 0.021991 0.025000
5 0.519329 0.773843 0.023843 0.033796
11 0.682407 0.345139 0.025463 0.035648
11 0.815741 0.765278 0.030556 0.035185
2 0.650694 0.486806 0.014352 0.047685
2 0.631713 0.471759 0.018981 0.036111
2 0.630903 0.495602 0.018287 0.027315
2 0.552662 0.522917 0.018287 0.037500
2 0.562269 0.513194 0.018056 0.038426
2 0.555903 0.485417 0.015046 0.033796
2 0.552431 0.470833 0.020602 0.028704
2 0.573380 0.467361 0.017130 0.030093
8 0.565741 0.494907 0.024537 0.030556
8 0.567824 0.275463 0.024074 0.038889
2 0.518750 0.336574 0.019907 0.020370
2 0.513426 0.312731 0.013889 0.033796
2 0.523264 0.313194 0.012731 0.033796
2 0.626042 0.197917 0.019676 0.023611
2 0.625926 0.180093 0.018981 0.019444
2 0.625579 0.163657 0.018287 0.025463
2 0.576042 0.384491 0.019213 0.024537
2 0.575579 0.362731 0.021528 0.021759
2 0.575000 0.347454 0.018519 0.019907
2 0.575694 0.333796 0.018519 0.019444
2 0.558218 0.339352 0.017824 0.020370
8 0.643981 0.542824 0.019444 0.039352
3 0.817824 0.649769 0.018056 0.040278
3 0.796528 0.650000 0.011574 0.039815
3 0.790162 0.628009 0.020602 0.031944
3 0.785185 0.610417 0.016204 0.030093
3 0.803819 0.610417 0.021065 0.026389
1 0.740741 0.275926 0.022685 0.025000
1 0.721875 0.247917 0.018750 0.030093
1 0.738079 0.240278 0.021528 0.025926
1 0.739931 0.224769 0.021065 0.021759
1 0.664699 0.146065 0.020602 0.023611
1 0.666551 0.175000 0.017824 0.025000
1 0.655324 0.184722 0.016204 0.023148
1 0.651042 0.312500 0.020139 0.026852
1 0.660069 0.301389 0.019676 0.024074
1 0.659144 0.286806 0.021528 0.018981
1 0.664120 0.276389 0.019907 0.020370
1 0.629861 0.266667 0.009722 0.037963
1 0.586806 0.238426 0.019907 0.022222
1 0.583333 0.212269 0.018519 0.027315
1 0.593287 0.204167 0.018519 0.027778
1 0.596875 0.186806 0.012731 0.033796
1 0.581019 0.189583 0.016204 0.023611
1 0.577199 0.177778 0.014120 0.026852
7 0.621991 0.240972 0.022222 0.035648
7 0.650579 0.209491 0.021528 0.040278
7 0.596296 0.256481 0.022222 0.041667
2 0.463657 0.345833 0.019907 0.022222
2 0.462037 0.323843 0.017130 0.029167
4 0.482523 0.414120 0.019676 0.030093
4 0.459606 0.394676 0.017824 0.032870
4 0.470139 0.386111 0.017130 0.026852
4 0.478125 0.270370 0.015509 0.020370
4 0.472222 0.259028 0.016667 0.018981
4 0.473611 0.244676 0.019907 0.015278
4 0.472569 0.232407 0.020139 0.017593
4 0.420023 0.313426 0.021065 0.017593
4 0.420833 0.296759 0.021759 0.020370
4 0.420255 0.281481 0.016898 0.021296
4 0.418866 0.271991 0.017824 0.020833
4 0.403009 0.137963 0.015741 0.026852
4 0.408449 0.131713 0.015972 0.029167
4 0.411921 0.120370 0.014583 0.025000
4 0.346759 0.213194 0.017130 0.023611
4 0.348148 0.201389 0.017130 0.018519
4 0.352778 0.189583 0.016204 0.021759
4 0.258565 0.372454 0.020370 0.020833
10 0.385185 0.107176 0.024074 0.044907
10 0.432292 0.188657 0.022917 0.033796
10 0.267014 0.182407 0.024769 0.037963
10 0.259606 0.154398 0.025231 0.034722
10 0.241435 0.379167 0.023148 0.040741
3 0.417677 0.576515 0.017172 0.042929
3 0.403409 0.574242 0.016919 0.040404
3 0.394571 0.561869 0.016919 0.031818
3 0.402020 0.539394 0.022222 0.025253
3 0.424621 0.539141 0.020960 0.019697
3 0.378788 0.538131 0.011111 0.035859
3 0.386995 0.513636 0.011364 0.047475
3 0.401010 0.503283 0.014141 0.042929
3 0.389394 0.479293 0.023232 0.028283
3 0.188763 0.381566 0.023990 0.019697
3 0.191288 0.436616 0.016919 0.029798
3 0.197475 0.425758 0.016162 0.036364
3 0.202778 0.414141 0.017172 0.032323
3 0.215530 0.498485 0.014394 0.036364
3 0.262626 0.608586 0.019697 0.025253
3 0.261742 0.591919 0.020455 0.024242
3 0.261490 0.574747 0.019444 0.024242
3 0.153662 0.588131 0.012374 0.048990
3 0.163889 0.592424 0.014141 0.041414
3 0.201389 0.657576 0.020455 0.024242
3 0.195076 0.634596 0.018434 0.023737
3 0.170707 0.807828 0.019697 0.039899
3 0.178788 0.796465 0.017677 0.039394
3 0.189520 0.787374 0.016414 0.038384
3 0.196591 0.781818 0.016414 0.044444
3 0.207071 0.775505 0.017172 0.046970
9 0.255051 0.553030 0.030303 0.038384
9 0.238384 0.503535 0.015657 0.035354
9 0.174242 0.720202 0.030303 0.038384
9 0.190783 0.711616 0.029545 0.035354
9 0.179040 0.639646 0.017677 0.037879
9 0.171338 0.437121 0.026010 0.040909
9 0.180429 0.406818 0.017424 0.032828