4 0.701455 0.180440 0.031492 0.031673
4 0.689941 0.228909 0.024720 0.035512
4 0.659380 0.205874 0.029291 0.028314
10 0.672587 0.147327 0.029630 0.038871
10 0.687063 0.101617 0.034540 0.043910
10 0.631867 0.170122 0.036571 0.038871
9 0.834026 0.275938 0.029799 0.037912
9 0.865264 0.387633 0.023196 0.041991
3 0.150598 0.542878 0.028275 0.041511
3 0.176926 0.546478 0.019640 0.042950
3 0.189878 0.530161 0.015746 0.041991
3 0.179889 0.256862 0.023196 0.037672
3 0.172270 0.215112 0.021503 0.037192
3 0.194703 0.216671 0.024720 0.033113
3 0.126640 0.195076 0.017608 0.037912
3 0.113772 0.170962 0.012868 0.036232
3 0.123846 0.147567 0.028952 0.024475
3 0.094217 0.157405 0.021841 0.037432
7 0.535444 0.762909 0.029968 0.042950
7 0.546449 0.489730 0.037418 0.042710
1 0.444777 0.575751 0.034878 0.035272
1 0.423105 0.539279 0.017608 0.043430
1 0.402534 0.509886 0.032339 0.035992
3 0.798978 0.323208 0.015577 0.039831
3 0.773497 0.311330 0.023196 0.039111
3 0.780185 0.420626 0.030815 0.028314