6 0.477960 0.800699 0.015859 0.056943
0 0.486951 0.785465 0.021603 0.030470
0 0.477835 0.754496 0.014860 0.044456
0 0.494006 0.760614 0.019231 0.036713
0 0.469343 0.694555 0.022852 0.024975
0 0.443307 0.670080 0.010739 0.040959
0 0.452985 0.669705 0.010115 0.038711
6 0.465160 0.664211 0.017732 0.038711
6 0.538149 0.627498 0.023601 0.044705
6 0.505370 0.554446 0.022228 0.038462
6 0.272457 0.613366 0.022998 0.038420
0 0.272457 0.664367 0.023810 0.031115
0 0.276583 0.645969 0.023404 0.025703
0 0.268466 0.636769 0.022863 0.025703
0 0.242424 0.546943 0.011634 0.040314
0 0.252503 0.546266 0.012040 0.037879
6 0.238433 0.522998 0.024215 0.036797
0 0.481247 0.567622 0.021608 0.021496
0 0.488860 0.547918 0.021832 0.021496
0 0.507501 0.644536 0.013435 0.036050
0 0.517073 0.653605 0.018473 0.034931
0 0.518025 0.629758 0.019704 0.028437
0 0.683106 0.518137 0.018025 0.030900
0 0.685905 0.500448 0.018025 0.023287
0 0.699731 0.499104 0.012091 0.038065
0 0.694245 0.474362 0.015898 0.030676
0 0.677676 0.483654 0.018137 0.019704
0 0.669895 0.495186 0.018697 0.031572
0 0.682266 0.465405 0.021496 0.022615
6 0.696373 0.521720 0.018137 0.048813
0 0.727609 0.756605 0.017465 0.042096
0 0.737573 0.740372 0.012315 0.036498
0 0.732703 0.722235 0.018473 0.035602
0 0.722011 0.729960 0.016570 0.038065
0 0.714454 0.752127 0.020040 0.034035
0 0.279389 0.351657 0.019592 0.022615
0 0.286610 0.340685 0.020152 0.024407
0 0.288345 0.327026 0.016682 0.026646
0 0.293047 0.316838 0.020040 0.027765
0 0.252071 0.334639 0.016234 0.021272
0 0.254870 0.306314 0.018921 0.021048
0 0.248992 0.289633 0.011867 0.027094
0 0.239924 0.284819 0.013211 0.031348
0 0.257669 0.276870 0.013323 0.029781
6 0.243786 0.321876 0.013995 0.033811
6 0.232815 0.314151 0.021384 0.036722
3 0.170902 0.823332 0.015562 0.044783
3 0.178515 0.807770 0.012651 0.044559
3 0.187360 0.801500 0.014890 0.042768
3 0.194581 0.788065 0.012987 0.041424
3 0.205329 0.789745 0.011644 0.041648
3 0.211823 0.752239 0.021496 0.039185
9 0.197212 0.744514 0.016234 0.034483
9 0.177844 0.728280 0.031684 0.032915
3 0.186576 0.754590 0.014442 0.042991
3 0.175269 0.769816 0.016234 0.045678
3 0.203986 0.719324 0.013435 0.041872
3 0.214174 0.722347 0.013211 0.042544
3 0.201467 0.469996 0.013547 0.034035
3 0.206617 0.459248 0.014219 0.034931
3 0.213278 0.447156 0.014554 0.030900
3 0.198724 0.429355 0.021496 0.019481
9 0.195421 0.443686 0.020040 0.036050
9 0.183050 0.463950 0.024183 0.041200
4 0.262427 0.428907 0.014330 0.036050
4 0.262259 0.398455 0.021608 0.022167
10 0.248712 0.419951 0.022951 0.038737
10 0.325123 0.358150 0.024407 0.035602
4 0.349922 0.347738 0.012875 0.031348
4 0.336375 0.350873 0.017353 0.024631
4 0.333520 0.335311 0.021048 0.023959
4 0.334304 0.320757 0.020600 0.025302
4 0.284987 0.243506 0.013771 0.017689
4 0.274798 0.240036 0.014219 0.031796
4 0.272895 0.219212 0.012651 0.026870
4 0.272391 0.201858 0.015898 0.022167
4 0.287506 0.228168 0.011644 0.027765
4 0.297246 0.231975 0.010524 0.027765
4 0.286386 0.200851 0.015002 0.025526
10 0.260356 0.217756 0.022503 0.035155
10 0.293663 0.214957 0.024631 0.035826
10 0.283811 0.248433 0.021272 0.035155
4 0.186185 0.675996 0.014554 0.047470
4 0.175101 0.664465 0.023063 0.024854
4 0.170175 0.649687 0.023735 0.027541
4 0.160099 0.641178 0.023287 0.032915
4 0.187080 0.642185 0.015898 0.034483
4 0.198108 0.627967 0.013771 0.039185
4 0.208128 0.605352 0.021496 0.023511
4 0.187976 0.609158 0.012315 0.036050
4 0.183498 0.587662 0.023959 0.024407
4 0.173309 0.617107 0.012987 0.036722
4 0.422414 0.361621 0.019704 0.029557
4 0.411946 0.333296 0.018249 0.024854
4 0.420399 0.326691 0.017017 0.023735
4 0.424989 0.316950 0.017689 0.025302
4 0.475481 0.303180 0.017241 0.018361
4 0.466133 0.285043 0.016010 0.025974
4 0.480184 0.287953 0.016794 0.025526
4 0.477049 0.271608 0.015450 0.026422
2 0.363524 0.231975 0.021048 0.026870
2 0.356303 0.207904 0.014666 0.033363
2 0.346563 0.213390 0.016010 0.025078
8 0.351041 0.222571 0.014666 0.037618
8 0.484158 0.360278 0.014442 0.043439
8 0.472794 0.367219 0.016346 0.050605
2 0.461487 0.385916 0.018809 0.026198
2 0.469380 0.361061 0.008845 0.027094
2 0.459248 0.364868 0.010748 0.031124
2 0.486005 0.371473 0.010748 0.035378
2 0.515394 0.372929 0.019592 0.020376
2 0.519648 0.350873 0.013099 0.030452
2 0.511923 0.351993 0.013323 0.033139
2 0.518977 0.331617 0.017577 0.020600
2 0.522727 0.311464 0.013883 0.030004
2 0.514442 0.297694 0.009852 0.031124
2 0.506605 0.315943 0.008957 0.033587
2 0.572212 0.416144 0.019928 0.024407
2 0.570533 0.395320 0.019704 0.023511
2 0.570645 0.381885 0.018809 0.021272
2 0.553907 0.374384 0.016906 0.022839
2 0.571093 0.368227 0.018361 0.017689
2 0.551276 0.330049 0.020152 0.025526
2 0.551612 0.305643 0.009404 0.026870
2 0.560401 0.307546 0.007949 0.030228
8 0.568350 0.326467 0.022056 0.038513
2 0.621417 0.310569 0.019145 0.025078
2 0.620522 0.296686 0.020936 0.022839
2 0.626623 0.286834 0.017241 0.023735
1 0.625840 0.214845 0.017465 0.028885
1 0.645656 0.233206 0.017241 0.026646
1 0.654053 0.230184 0.014107 0.030004
1 0.658195 0.213838 0.009852 0.023287
1 0.668719 0.218876 0.017689 0.023511
1 0.644033 0.206897 0.015786 0.028661
1 0.650190 0.199619 0.013995 0.030676
1 0.656236 0.194693 0.013995 0.027989
1 0.664297 0.194021 0.015114 0.032915
1 0.652262 0.175325 0.015898 0.024183
1 0.635244 0.354680 0.014778 0.037618
1 0.642969 0.347850 0.015450 0.030228
1 0.645600 0.332064 0.019592 0.031348
1 0.653941 0.317174 0.013435 0.026198
1 0.661330 0.324563 0.014330 0.026198
1 0.674597 0.336543 0.010188 0.034483
7 0.664465 0.338446 0.017465 0.036946
7 0.642857 0.259069 0.014330 0.047470
7 0.617275 0.216861 0.022503 0.036946
7 0.586879 0.271160 0.023959 0.039857
1 0.580161 0.266234 0.016346 0.022839
1 0.575571 0.251455 0.019928 0.020152
1 0.588782 0.249888 0.016794 0.029109
1 0.591525 0.236341 0.014219 0.034259
1 0.575291 0.238133 0.016458 0.023511
1 0.572324 0.227273 0.016122 0.027318
1 0.213726 0.394648 0.013659 0.039633
1 0.198444 0.399798 0.018473 0.027541
1 0.198276 0.383677 0.018585 0.025750
1 0.191950 0.366211 0.013995 0.030676
1 0.188088 0.351881 0.020152 0.028885
1 0.201914 0.359942 0.015786 0.026198
1 0.211879 0.370242 0.011755 0.032468
1 0.221843 0.367667 0.016458 0.030900
1 0.211935 0.346843 0.018361 0.028661
1 0.201691 0.333968 0.010636 0.032468
1 0.220052 0.329601 0.020264 0.022391
1 0.228168 0.342365 0.014554 0.033587
7 0.231919 0.364980 0.021608 0.045231
5 0.233094 0.242499 0.018809 0.017017
5 0.220275 0.234102 0.009292 0.028885
5 0.233710 0.230408 0.020264 0.018361
5 0.236621 0.219100 0.018249 0.016794
11 0.234102 0.200739 0.013211 0.037841
11 0.217421 0.224698 0.026198 0.029781
5 0.420958 0.191670 0.018585 0.023287
5 0.392353 0.192790 0.013995 0.027318
5 0.386140 0.171630 0.018137 0.025302
5 0.399183 0.165361 0.010860 0.032020
5 0.405396 0.180475 0.010972 0.031348
5 0.413905 0.176108 0.010076 0.027989
9 0.421574 0.225369 0.017801 0.041424
9 0.436576 0.269816 0.016234 0.031796
9 0.398063 0.409875 0.013995 0.040081
9 0.440719 0.427676 0.021384 0.032244
9 0.453706 0.433498 0.025638 0.036722
9 0.478504 0.454881 0.023735 0.035155
3 0.451914 0.247089 0.019369 0.019033
3 0.430531 0.257949 0.019592 0.016122
3 0.434001 0.244290 0.015338 0.021048
3 0.439319 0.232535 0.015450 0.024407
3 0.435625 0.226825 0.015226 0.021944
3 0.431034 0.208912 0.008957 0.026422
3 0.384964 0.449507 0.017577 0.030228
3 0.389107 0.438648 0.017353 0.031348
3 0.396048 0.428348 0.017577 0.030452
3 0.451355 0.464734 0.017129 0.028885
3 0.460871 0.451970 0.020488 0.018585
3 0.483318 0.441223 0.016794 0.031124
3 0.486285 0.425773 0.013099 0.032468
3 0.492107 0.417040 0.014666 0.037841
3 0.467365 0.414913 0.022279 0.020600
3 0.400134 0.517353 0.019481 0.034259
3 0.392465 0.547246 0.013323 0.039409
3 0.382613 0.555867 0.008845 0.044559
3 0.407468 0.545678 0.020040 0.028213
3 0.412058 0.564375 0.022279 0.026198
3 0.397783 0.585311 0.019928 0.034035
3 0.407412 0.596843 0.018361 0.040081
3 0.420511 0.596171 0.015450 0.042320
3 0.441391 0.573332 0.018025 0.033811
10 0.526590 0.813144 0.021608 0.057098
4 0.535938 0.790640 0.023511 0.031348
4 0.547582 0.770824 0.013659 0.049485
4 0.530172 0.768025 0.023175 0.032244
4 0.530844 0.745298 0.017577 0.033363
4 0.534147 0.732423 0.020600 0.030004
4 0.543215 0.712830 0.016122 0.032468
4 0.550437 0.741155 0.009964 0.047918
4 0.646776 0.582176 0.021944 0.031796
4 0.640450 0.539633 0.009516 0.038513
4 0.635356 0.518585 0.021720 0.021944
4 0.626623 0.496305 0.019481 0.032020
8 0.576747 0.548477 0.023175 0.035602
8 0.561576 0.516458 0.021720 0.034259
2 0.549821 0.543663 0.016570 0.036722
2 0.558162 0.533587 0.015786 0.040752
2 0.553683 0.510300 0.014442 0.030900
2 0.549429 0.493618 0.021384 0.028437
2 0.569749 0.492051 0.017913 0.029333
1 0.796294 0.840573 0.013771 0.047918
1 0.782020 0.814599 0.027318 0.027765
1 0.798981 0.810457 0.018921 0.040528
1 0.779501 0.794335 0.022056 0.025750
1 0.774015 0.771608 0.023175 0.029109
1 0.796742 0.782915 0.022951 0.026646
1 0.785490 0.758845 0.021272 0.029557
1 0.800437 0.758397 0.022279 0.039857
1 0.799317 0.734886 0.022056 0.037618
3 0.799653 0.673086 0.018249 0.034483
3 0.807602 0.669615 0.016010 0.036946
3 0.812080 0.646328 0.015786 0.043215
3 0.803124 0.629982 0.016906 0.032020
3 0.789185 0.651926 0.014778 0.026646
3 0.786890 0.633453 0.015562 0.034035
3 0.789409 0.615092 0.021272 0.025974
3 0.775190 0.630542 0.015898 0.036722
5 0.740931 0.619010 0.016570 0.033363
5 0.755206 0.609046 0.018473 0.032244
5 0.727105 0.604568 0.021384 0.032244
5 0.726265 0.587215 0.020152 0.024407
5 0.740484 0.583296 0.015898 0.038961
5 0.746361 0.558777 0.018697 0.031572
11 0.758565 0.589790 0.021608 0.035826
11 0.734550 0.559337 0.027094 0.036722
11 0.651534 0.365540 0.016458 0.034259
11 0.677844 0.357255 0.014442 0.036498
5 0.678348 0.447940 0.015450 0.027094
5 0.668327 0.441670 0.013771 0.034707
5 0.653549 0.438312 0.019592 0.032020
5 0.655900 0.422638 0.016682 0.027989
5 0.661890 0.409315 0.013435 0.036722
5 0.660378 0.408979 0.018473 0.027541
5 0.677508 0.424877 0.020488 0.024854
5 0.691726 0.426780 0.009964 0.042096
5 0.681650 0.405172 0.020040 0.025750
5 0.686240 0.392409 0.019816 0.020376
5 0.674373 0.386811 0.014219 0.034259
5 0.667824 0.379310 0.014330 0.030004
5 0.660155 0.371361 0.016458 0.032468
5 0.695589 0.303963 0.018809 0.022615
5 0.705665 0.285490 0.010748 0.031796
5 0.711151 0.300157 0.011420 0.030676
5 0.723354 0.306762 0.020824 0.024183
5 0.724026 0.289521 0.015898 0.023735
5 0.730408 0.284483 0.017465 0.029333
5 0.728224 0.274742 0.018249 0.024183
5 0.715965 0.271944 0.015898 0.024854