6 0.497942 0.702469 0.014403 0.048971
6 0.562243 0.543210 0.019136 0.044856
6 0.490123 0.595473 0.020576 0.035802
6 0.509774 0.511523 0.020782 0.039918
6 0.423251 0.396708 0.019342 0.035802
6 0.353395 0.360905 0.019547 0.030041
6 0.684470 0.471212 0.015909 0.044949
6 0.262153 0.337847 0.018056 0.040278
0 0.506197 0.691453 0.017949 0.028632
0 0.510150 0.670299 0.015598 0.029060
0 0.495940 0.669444 0.017521 0.035043
0 0.485470 0.622222 0.020940 0.020940
0 0.476282 0.603205 0.009402 0.029915
0 0.468376 0.603205 0.009402 0.038462
0 0.490919 0.523504 0.020299 0.020085
0 0.490385 0.508547 0.018803 0.016667
0 0.530235 0.578205 0.011752 0.032051
0 0.531090 0.557906 0.018162 0.023932
0 0.521154 0.572436 0.013675 0.028205
0 0.406838 0.428205 0.019231 0.021795
0 0.405662 0.412821 0.016453 0.021795
0 0.358868 0.379915 0.018590 0.019231
0 0.362500 0.353205 0.015171 0.023932
0 0.252137 0.277564 0.014957 0.021368
0 0.247329 0.264957 0.012607 0.025214
0 0.257372 0.254060 0.015171 0.019658
0 0.262927 0.265385 0.016880 0.023504
0 0.267735 0.275855 0.017094 0.017949
0 0.261325 0.314957 0.014957 0.023504
0 0.271368 0.309615 0.010256 0.021368
0 0.274359 0.325000 0.011538 0.026496
0 0.285363 0.325000 0.018590 0.017094
0 0.282692 0.341453 0.016667 0.026923
0 0.305449 0.352137 0.019444 0.020085
0 0.306624 0.364744 0.018803 0.023077
0 0.314530 0.345085 0.017094 0.018803
0 0.322009 0.355342 0.011111 0.035043
0 0.675269 0.474014 0.017563 0.020072
0 0.674910 0.460573 0.015054 0.013978
0 0.679928 0.446057 0.008961 0.027240
0 0.692473 0.454301 0.018280 0.024373
0 0.670609 0.448746 0.015054 0.023297
0 0.659857 0.460036 0.017563 0.024373
0 0.663799 0.439785 0.017563 0.024014
11 0.782168 0.654301 0.025986 0.036559
11 0.649731 0.367563 0.021685 0.034409
5 0.707885 0.533513 0.018638 0.020789
5 0.715233 0.516846 0.016129 0.021864
5 0.723118 0.615950 0.018280 0.028674
5 0.701523 0.643190 0.021685 0.029391
5 0.708871 0.637455 0.018817 0.031541
5 0.712455 0.629391 0.017742 0.028315
5 0.719265 0.624910 0.017742 0.031541
5 0.756810 0.687634 0.020789 0.032258
5 0.762097 0.676882 0.020251 0.031541
5 0.769355 0.672401 0.018996 0.031183
5 0.638620 0.415950 0.018459 0.023656
5 0.639964 0.404839 0.017921 0.021505
5 0.641756 0.394265 0.017563 0.018280
5 0.677688 0.401075 0.015591 0.031900
5 0.684229 0.391219 0.017204 0.025806
1 0.623656 0.347849 0.018280 0.020789
1 0.628226 0.340681 0.015591 0.023656
1 0.628584 0.329391 0.018459 0.018996
1 0.631900 0.322581 0.016487 0.014695
1 0.690771 0.314516 0.019176 0.017204
1 0.686918 0.303763 0.017204 0.013620
1 0.690323 0.292832 0.018280 0.013978
1 0.691756 0.285842 0.018638 0.017921
1 0.626882 0.250717 0.016487 0.020072
1 0.627330 0.240860 0.016308 0.016129
1 0.627061 0.234229 0.016487 0.018638
1 0.604122 0.316846 0.008961 0.025448
1 0.556801 0.290805 0.017050 0.021073
1 0.565038 0.275096 0.017816 0.018008
1 0.569732 0.263027 0.014176 0.015326
1 0.570498 0.251533 0.018008 0.019157
1 0.559195 0.260345 0.013793 0.022989
1 0.552011 0.252490 0.011686 0.028736
7 0.596839 0.298084 0.018966 0.034100
7 0.575383 0.309962 0.018582 0.038697
3 0.750766 0.545594 0.011111 0.031034
3 0.775383 0.581992 0.010920 0.027969
3 0.769157 0.554981 0.013410 0.031418
3 0.758812 0.561303 0.011877 0.028736
3 0.765709 0.573563 0.010728 0.031034
8 0.628736 0.505747 0.018391 0.035632
8 0.559866 0.477969 0.020498 0.036015
8 0.553161 0.326245 0.021648 0.036782
2 0.548276 0.373180 0.018008 0.018774
2 0.562452 0.366858 0.017241 0.013793
2 0.564751 0.378736 0.016475 0.015326
2 0.565134 0.390613 0.016092 0.019157
2 0.577778 0.385632 0.013027 0.027586
2 0.591954 0.266092 0.016475 0.020690
2 0.595115 0.255172 0.016667 0.014176
2 0.595594 0.246169 0.015709 0.016858
2 0.614751 0.459770 0.017241 0.027969
2 0.629598 0.472414 0.010920 0.030268
2 0.615517 0.476054 0.018774 0.025287
2 0.548276 0.463793 0.018391 0.024521
2 0.565900 0.459195 0.016475 0.021456
2 0.554693 0.476628 0.016667 0.024904
2 0.550287 0.501533 0.016284 0.031034
2 0.557759 0.494061 0.016667 0.032184
2 0.469444 0.369630 0.017407 0.012963
2 0.468426 0.382222 0.015741 0.017407
2 0.516944 0.356852 0.016481 0.017037
2 0.517037 0.342407 0.019259 0.014815
2 0.518704 0.332593 0.018519 0.015926
5 0.552490 0.691762 0.020690 0.021456
5 0.532375 0.684483 0.019540 0.030651
5 0.551054 0.676437 0.020498 0.022222
5 0.547222 0.663218 0.018199 0.020307
5 0.537739 0.646552 0.019540 0.026054
5 0.549904 0.642146 0.020881 0.027969
5 0.248611 0.378819 0.011111 0.027778
11 0.231250 0.372917 0.018056 0.034028
4 0.488889 0.427920 0.017949 0.024786
4 0.468376 0.417521 0.016239 0.025641
4 0.476567 0.408974 0.014957 0.019373
4 0.478989 0.327778 0.015812 0.016524
4 0.474359 0.322080 0.017379 0.018234
4 0.473789 0.309544 0.016524 0.014245
4 0.472080 0.302707 0.015385 0.017664
4 0.433618 0.361254 0.018803 0.016239
4 0.432051 0.350285 0.015670 0.021652
4 0.429843 0.338319 0.015527 0.018803
4 0.427991 0.332336 0.016382 0.018234
4 0.419587 0.223077 0.012963 0.022507
4 0.419160 0.242877 0.018946 0.018234
4 0.403632 0.240171 0.015242 0.024217
4 0.369613 0.295455 0.017340 0.017508
4 0.368603 0.286364 0.016330 0.015488
4 0.372391 0.278451 0.013805 0.017172
10 0.437374 0.270707 0.019529 0.031987
10 0.407660 0.227104 0.019024 0.023569
10 0.288272 0.263117 0.018210 0.033333
10 0.300231 0.275000 0.018056 0.033642
10 0.280478 0.417284 0.018981 0.027469
4 0.294830 0.411883 0.017747 0.019136
9 0.234645 0.453549 0.019599 0.038889
9 0.231559 0.439506 0.017438 0.034877
9 0.282099 0.506481 0.016975 0.036111
9 0.318364 0.597377 0.021914 0.039506
9 0.239892 0.612346 0.015586 0.038580
9 0.251775 0.693364 0.020216 0.042593
9 0.228164 0.701852 0.022068 0.042284
3 0.218673 0.417284 0.018827 0.020679
3 0.240355 0.425617 0.016512 0.023148
3 0.247840 0.453395 0.014815 0.027469
3 0.243981 0.479321 0.016049 0.027469
3 0.261883 0.506327 0.011111 0.028395
3 0.411111 0.479012 0.018827 0.023148
3 0.411034 0.504475 0.012191 0.031481
3 0.404784 0.522377 0.007716 0.030864
3 0.421528 0.497685 0.012500 0.033333
3 0.424923 0.521451 0.020216 0.023457
3 0.418056 0.538426 0.012654 0.030247
3 0.426698 0.547068 0.012963 0.036420
3 0.438503 0.547377 0.014660 0.037037
3 0.443133 0.520525 0.018673 0.020988
3 0.298302 0.570988 0.019753 0.028086
3 0.302315 0.586574 0.015432 0.026543
3 0.296528 0.599074 0.019290 0.028704
3 0.253241 0.620679 0.020679 0.024383
3 0.257870 0.603704 0.019753 0.020679
3 0.208642 0.583951 0.012037 0.034877
3 0.222608 0.578086 0.019907 0.023765
3 0.232022 0.666667 0.021142 0.018827
3 0.225386 0.683796 0.018673 0.027778
3 0.241049 0.684259 0.012654 0.034877
3 0.232948 0.728704 0.022068 0.031790
3 0.241127 0.721605 0.018364 0.029938