1 0.295744 0.822572 0.060608 0.081126
10 0.498426 0.106236 0.044865 0.066777
10 0.501574 0.049117 0.051950 0.069536
10 0.448050 0.153422 0.053524 0.068433
1 0.198142 0.753311 0.061395 0.051876
1 0.242417 0.781733 0.040536 0.075607
7 0.434079 0.612859 0.061788 0.076711
3 0.753647 0.391280 0.045259 0.048565
3 0.734166 0.264625 0.030697 0.054636
3 0.695401 0.260762 0.030304 0.052428
9 0.859514 0.298565 0.046046 0.065121
9 0.767815 0.184327 0.050769 0.067329
4 0.550572 0.200660 0.033452 0.047015
4 0.548068 0.139152 0.047227 0.034952
4 0.499248 0.188426 0.039543 0.045727