8 0.521916 0.687442 0.029762 0.056108
8 0.723214 0.288154 0.026876 0.048422
8 0.429563 0.310828 0.019661 0.049190
8 0.470960 0.186891 0.022727 0.053418
8 0.865702 0.541013 0.021842 0.062257
2 0.491588 0.699170 0.026860 0.049051
2 0.426280 0.345184 0.024064 0.032959
2 0.405940 0.332570 0.020435 0.028077
2 0.487299 0.206023 0.021963 0.026449
2 0.500000 0.184456 0.019099 0.028077
2 0.394672 0.149259 0.023109 0.021159
2 0.385027 0.132576 0.022536 0.024414
2 0.400210 0.096565 0.020817 0.030518
2 0.420455 0.102872 0.021963 0.028483
2 0.855429 0.540639 0.021465 0.032281
2 0.766324 0.349642 0.024351 0.037661
2 0.747385 0.315439 0.023268 0.029975
2 0.730610 0.340227 0.021104 0.032666
2 0.688763 0.323894 0.023268 0.029207
11 0.809885 0.606739 0.023810 0.056108
11 0.287969 0.277201 0.027237 0.046500
11 0.208333 0.158453 0.024170 0.049575
11 0.278319 0.181511 0.022727 0.049575
5 0.202291 0.334462 0.016053 0.042657
5 0.252796 0.317553 0.021104 0.034971
5 0.253878 0.295456 0.022547 0.026901
5 0.285534 0.258563 0.013348 0.033050
5 0.280393 0.236081 0.019300 0.027285
5 0.263167 0.238195 0.017677 0.027670
5 0.247565 0.211294 0.012446 0.032281
5 0.244318 0.167868 0.022908 0.022289
5 0.249639 0.142888 0.021645 0.026901
5 0.237374 0.135395 0.018398 0.034203
5 0.216540 0.120215 0.019661 0.023827
5 0.191198 0.150382 0.019481 0.024211
5 0.223395 0.196690 0.013528 0.030744
5 0.208874 0.223207 0.019841 0.025364
5 0.202922 0.242806 0.020202 0.025364
11 0.235931 0.238003 0.019841 0.054186
5 0.520473 0.580606 0.011364 0.050728
5 0.538240 0.587331 0.020202 0.045732
5 0.520292 0.528341 0.025794 0.023058
5 0.537067 0.543329 0.027597 0.035356
5 0.549242 0.568501 0.024892 0.025748
5 0.556728 0.549670 0.023629 0.028823
5 0.556999 0.522769 0.021284 0.028054
5 0.782197 0.619421 0.025794 0.030744
5 0.823503 0.663039 0.023990 0.029591
5 0.810696 0.679948 0.014250 0.046500
5 0.776696 0.695512 0.024531 0.032281
5 0.766865 0.659003 0.027237 0.026132
0 0.836039 0.721644 0.023810 0.039967
0 0.863095 0.732981 0.023810 0.036509
0 0.878427 0.695704 0.019481 0.038046
0 0.869318 0.677450 0.023990 0.035356
6 0.852453 0.642479 0.026696 0.059182
6 0.545455 0.255488 0.022727 0.051496
6 0.528048 0.318129 0.021825 0.050728
6 0.485931 0.487990 0.027417 0.049959
6 0.182720 0.618652 0.026696 0.063794
0 0.171086 0.679371 0.025794 0.039967
0 0.208514 0.627491 0.025974 0.028438
0 0.436508 0.554474 0.020563 0.039967
0 0.444444 0.528341 0.023810 0.032281
0 0.462482 0.513162 0.020924 0.027285
0 0.469787 0.529686 0.022186 0.035740
0 0.518579 0.492217 0.027417 0.030744
0 0.537608 0.483186 0.021825 0.031128
0 0.545996 0.469928 0.023449 0.029975
0 0.423250 0.515852 0.021104 0.028823
0 0.425054 0.487990 0.024351 0.030744
0 0.399531 0.514699 0.019481 0.033434
0 0.397186 0.482225 0.023449 0.034587
0 0.393849 0.455709 0.022186 0.033818
0 0.406566 0.438223 0.025613 0.024211
0 0.428662 0.438031 0.021825 0.029207
0 0.466721 0.463971 0.021825 0.024980
0 0.494408 0.372892 0.019120 0.044195
0 0.511003 0.345607 0.020202 0.023442
0 0.547348 0.309098 0.011364 0.044195
0 0.230159 0.288922 0.019841 0.036893
0 0.204636 0.300067 0.021104 0.039967
10 0.690927 0.430729 0.017136 0.058414
10 0.725559 0.381347 0.025072 0.051881
4 0.488276 0.609237 0.023088 0.032666
4 0.477633 0.578108 0.023810 0.031897
4 0.677219 0.470312 0.023268 0.031513
4 0.672348 0.404981 0.023629 0.023058
4 0.693633 0.409977 0.021825 0.023827
4 0.644661 0.423235 0.023449 0.028054
4 0.743597 0.441490 0.023268 0.030744
4 0.757576 0.427847 0.022727 0.025748
4 0.753157 0.407287 0.022908 0.025364
4 0.346140 0.181126 0.017316 0.028823
4 0.351371 0.141351 0.020563 0.020752
4 0.327742 0.128862 0.016234 0.022674
9 0.221681 0.496060 0.028860 0.050728
9 0.245581 0.444372 0.026154 0.051112
3 0.268218 0.482033 0.023810 0.033434
3 0.291757 0.481265 0.021104 0.035740
3 0.281205 0.507397 0.027417 0.033434
3 0.276154 0.551784 0.026335 0.031513
3 0.255321 0.567540 0.022186 0.028438
3 0.207792 0.572920 0.020563 0.046116
3 0.163600 0.552552 0.023088 0.036124
3 0.148088 0.520655 0.024531 0.033050
3 0.164232 0.474924 0.023990 0.025364
3 0.181006 0.453211 0.021465 0.031128
3 0.587753 0.426310 0.017857 0.044963
3 0.610029 0.410938 0.014069 0.045732
1 0.682720 0.213984 0.014791 0.040736
1 0.717623 0.241269 0.021465 0.025364
1 0.668110 0.214368 0.011544 0.032281
1 0.670364 0.184969 0.018218 0.028054
1 0.665404 0.163256 0.015152 0.035356
1 0.645473 0.170558 0.020382 0.024595
1 0.645833 0.203416 0.021104 0.021137
1 0.629329 0.242038 0.011544 0.029975
1 0.640963 0.263751 0.020382 0.029591
1 0.607504 0.201494 0.019841 0.022674
1 0.639340 0.129246 0.018939 0.025748
1 0.653950 0.113105 0.019300 0.015756
1 0.657738 0.126940 0.019661 0.024211
1 0.627435 0.336576 0.019661 0.037661
1 0.591811 0.325815 0.018759 0.034587
7 0.588023 0.281044 0.024892 0.053418
7 0.662518 0.235120 0.023449 0.046116
7 0.673341 0.257026 0.020924 0.052265
2 0.682720 0.121752 0.015873 0.029207