5 0.484962 0.882375 0.015134 0.041379
5 0.493774 0.886398 0.014368 0.041762
5 0.501245 0.897510 0.013218 0.042529
5 0.484387 0.771073 0.009387 0.038697
5 0.491954 0.783142 0.013793 0.038314
5 0.500096 0.785249 0.013602 0.037165
5 0.506513 0.793103 0.012644 0.035249
5 0.513123 0.800000 0.015517 0.039847
5 0.562931 0.745402 0.015517 0.041762
5 0.577299 0.753065 0.019732 0.036398
5 0.636782 0.644828 0.012644 0.042146
5 0.648946 0.652490 0.010536 0.040613
5 0.600958 0.588889 0.009195 0.033716
5 0.610345 0.589272 0.010728 0.032950
5 0.618295 0.587548 0.009004 0.030268
5 0.388793 0.569540 0.013602 0.034100
5 0.385249 0.539847 0.009195 0.032950
5 0.397031 0.561303 0.014368 0.028352
5 0.402682 0.550000 0.016858 0.029502
5 0.416667 0.544253 0.009195 0.042529
5 0.407567 0.533333 0.009387 0.036015
5 0.436207 0.123563 0.012644 0.022605
11 0.428831 0.102682 0.011303 0.032950
11 0.515421 0.908621 0.016284 0.042529
11 0.638027 0.581226 0.015517 0.039080
8 0.607088 0.422414 0.018391 0.035632
8 0.515134 0.496935 0.015709 0.048276
8 0.530843 0.602299 0.015326 0.035249
2 0.559962 0.599234 0.021456 0.025287
2 0.546743 0.576054 0.009962 0.031801
2 0.556130 0.569732 0.010345 0.041379
2 0.584866 0.489080 0.014176 0.027969
2 0.574330 0.471073 0.013027 0.031034
2 0.582088 0.467816 0.010920 0.029885
2 0.588123 0.460920 0.012261 0.029119
2 0.576054 0.441379 0.013793 0.024521
2 0.569253 0.393678 0.013218 0.028736
2 0.576533 0.391379 0.013602 0.029502
2 0.583333 0.385824 0.014559 0.028352
2 0.527682 0.346360 0.014368 0.025287
2 0.534004 0.341571 0.013985 0.025670
2 0.514655 0.490613 0.018582 0.019540
2 0.519253 0.479693 0.015134 0.025287
2 0.530172 0.503640 0.017050 0.024904
2 0.502969 0.504981 0.012069 0.029885
2 0.497318 0.498276 0.013793 0.032567
2 0.693391 0.457280 0.012452 0.034100
2 0.684195 0.455172 0.011686 0.029885
2 0.677203 0.457854 0.011494 0.029119
0 0.606183 0.690681 0.013082 0.043011
0 0.583154 0.665054 0.015054 0.031900
0 0.590323 0.663441 0.008244 0.032975
0 0.594534 0.645878 0.015233 0.023656
0 0.605466 0.666487 0.015950 0.022581
0 0.598297 0.637276 0.019176 0.030108
0 0.583692 0.638889 0.009677 0.031183
0 0.455018 0.491398 0.010753 0.032975
0 0.440860 0.484229 0.020072 0.020789
0 0.442473 0.500717 0.018280 0.019355
0 0.456631 0.429032 0.012903 0.028674
0 0.463172 0.422043 0.013799 0.029032
0 0.403943 0.426165 0.014337 0.016487
0 0.404391 0.442473 0.019892 0.018996
0 0.400090 0.455197 0.014516 0.031541
0 0.383513 0.506452 0.017563 0.019355
0 0.379570 0.485305 0.013978 0.027957
0 0.371416 0.509498 0.010215 0.034050
0 0.471864 0.294803 0.012545 0.029749
0 0.476971 0.291935 0.013082 0.028315
0 0.482079 0.287814 0.010753 0.027240
0 0.477957 0.227599 0.014337 0.022939
0 0.495251 0.221505 0.011649 0.025090
6 0.475986 0.528674 0.019713 0.046595
6 0.589158 0.680108 0.022043 0.047670
6 0.469355 0.445699 0.014695 0.044803
6 0.414158 0.448566 0.014337 0.033333
6 0.360700 0.499383 0.018107 0.043210
6 0.494199 0.295425 0.016503 0.033333
6 0.484069 0.215196 0.014542 0.025163
0 0.464497 0.171354 0.007465 0.023958
0 0.469705 0.164410 0.009549 0.025347
0 0.475955 0.182118 0.017535 0.019792
0 0.477170 0.169444 0.008507 0.022917
0 0.465972 0.137500 0.008333 0.025000
0 0.475781 0.132639 0.011979 0.020833
0 0.459983 0.110417 0.009201 0.020833
0 0.477344 0.109896 0.010243 0.021181
0 0.470399 0.108681 0.008160 0.022222
0 0.493229 0.095660 0.011458 0.021181
0 0.485937 0.081424 0.006944 0.021181
0 0.497743 0.086458 0.013542 0.016667
0 0.500781 0.077083 0.008854 0.020833
0 0.489757 0.072743 0.012153 0.015625
6 0.456944 0.118403 0.018750 0.028472
6 0.468056 0.116319 0.014583 0.028472
3 0.569722 0.883519 0.022037 0.024815
3 0.585278 0.859074 0.017963 0.030741
3 0.567685 0.860741 0.017222 0.024444
3 0.572778 0.847593 0.021852 0.025556
3 0.577778 0.824259 0.022593 0.027778
3 0.420463 0.375926 0.019444 0.020000
3 0.437130 0.372037 0.012407 0.024815
3 0.416481 0.361667 0.018519 0.016667
3 0.418148 0.350370 0.014444 0.020741
3 0.430093 0.350000 0.008704 0.025926
3 0.441111 0.340370 0.017407 0.016296
3 0.421759 0.330000 0.015741 0.020000
3 0.433241 0.329815 0.012037 0.025556
3 0.444907 0.319444 0.013889 0.024815
3 0.379815 0.185185 0.012222 0.022222
3 0.385926 0.158148 0.007407 0.021481
3 0.398704 0.152963 0.008889 0.020741
3 0.409815 0.135926 0.008889 0.020741
3 0.406019 0.114444 0.011667 0.019259
9 0.392500 0.137407 0.010185 0.037778
9 0.397778 0.127778 0.011481 0.032593
9 0.383796 0.199259 0.012407 0.033333
9 0.354514 0.271007 0.020486 0.031597
9 0.322222 0.201562 0.011458 0.031597
9 0.280295 0.228993 0.019271 0.026042
9 0.292101 0.246701 0.017535 0.034375
3 0.327083 0.169444 0.011806 0.022222
3 0.335156 0.177257 0.010243 0.027431
3 0.325347 0.218229 0.013889 0.021875
3 0.333333 0.218403 0.011806 0.020833
3 0.347396 0.251215 0.007986 0.022569
3 0.355208 0.253299 0.009722 0.026042
3 0.360069 0.240799 0.013542 0.020486
3 0.289757 0.217014 0.005903 0.026389
3 0.294792 0.232292 0.012500 0.022917
3 0.299045 0.218924 0.009549 0.023264
3 0.278125 0.246701 0.010764 0.028125
3 0.273698 0.238889 0.008507 0.026389
10 0.427932 0.166049 0.019136 0.031481
10 0.506944 0.109568 0.016975 0.030864
10 0.507793 0.123302 0.009722 0.036111
10 0.577083 0.261420 0.011574 0.040123
10 0.587500 0.210494 0.015123 0.033951
4 0.597840 0.221759 0.008951 0.023765
4 0.585262 0.228086 0.010648 0.023457
4 0.581096 0.212963 0.014043 0.017284
4 0.528395 0.201235 0.010494 0.022222
4 0.534414 0.196759 0.011111 0.021914
4 0.540664 0.198148 0.009414 0.024074
4 0.436806 0.180247 0.010031 0.020370
4 0.523225 0.296759 0.013735 0.029938
4 0.530633 0.287809 0.017438 0.023765
4 0.535494 0.279938 0.014198 0.025926
4 0.565278 0.334414 0.013580 0.021296
4 0.567515 0.326698 0.014352 0.025617
4 0.573534 0.322377 0.014352 0.022531
4 0.576620 0.316667 0.013117 0.023457
4 0.509799 0.390432 0.007562 0.027778
4 0.505787 0.360802 0.010031 0.024691
4 0.514506 0.364506 0.011111 0.032716
7 0.632583 0.450450 0.022222 0.037838
7 0.693844 0.500150 0.023123 0.036937
7 0.651126 0.472072 0.013664 0.034234
1 0.640691 0.536787 0.012613 0.039940
1 0.649625 0.545195 0.010961 0.032733
1 0.656156 0.540090 0.012012 0.038138
1 0.662538 0.541592 0.011562 0.031532
1 0.713889 0.630480 0.019069 0.031532
1 0.717793 0.619670 0.016967 0.034535
1 0.728003 0.623724 0.014865 0.033033
1 0.737012 0.622523 0.015465 0.033634
1 0.713514 0.501201 0.012312 0.028829
1 0.720120 0.498649 0.011111 0.029129
1 0.725450 0.494294 0.011261 0.028228
1 0.638514 0.419820 0.012462 0.031231
1 0.660811 0.395796 0.018318 0.016216
1 0.659459 0.407357 0.015315 0.023724
1 0.653228 0.423423 0.013063 0.028228
1 0.664565 0.426126 0.017718 0.028228
1 0.674099 0.421622 0.013063 0.031231
1 0.649249 0.497748 0.016817 0.026126