6 0.376623 0.205645 0.074675 0.193579
0 0.100974 0.481781 0.059091 0.140060
0 0.200974 0.432532 0.082468 0.145185
0 0.320455 0.454737 0.083117 0.146323
0 0.381169 0.509679 0.080519 0.153725
0 0.457143 0.497153 0.074026 0.152586
0 0.556006 0.565760 0.083442 0.162265
0 0.623701 0.505124 0.100649 0.148031
0 0.673377 0.461284 0.100649 0.140060
0 0.690097 0.255179 0.097727 0.093374
0 0.662500 0.205076 0.091883 0.095651
0 0.638799 0.164937 0.088636 0.089388
0 0.549188 0.213901 0.071104 0.129243
0 0.491396 0.234398 0.071753 0.142907
5 0.242532 0.089782 0.063636 0.112162
5 0.181494 0.077826 0.059740 0.113301
5 0.118994 0.066724 0.066558 0.113870
1 0.789448 0.901732 0.143831 0.196536
1 0.795617 0.763040 0.128896 0.222047
1 0.886039 0.720908 0.125974 0.225463
1 0.882305 0.425415 0.106818 0.112732
1 0.896753 0.358801 0.103247 0.108177
1 0.884903 0.279376 0.099026 0.103053
1 0.863312 0.222726 0.094156 0.100206
1 0.857630 0.142447 0.085390 0.091096
1 0.842532 0.097469 0.081169 0.091096
1 0.953896 0.119389 0.084416 0.089388
1 0.967208 0.171484 0.065584 0.094512
1 0.973214 0.253756 0.053571 0.097359
1 0.987013 0.323501 0.025974 0.096790
1 0.881818 0.031084 0.072727 0.062168