0 0.345292 0.126914 0.049675 0.071029
0 0.275000 0.139729 0.053247 0.070297
0 0.209416 0.156204 0.057143 0.075423
0 0.148377 0.188790 0.064935 0.071761
6 0.210390 0.062908 0.073377 0.125816
2 0.199351 0.607276 0.081818 0.116429
2 0.154708 0.855512 0.107468 0.144255
2 0.022240 0.799860 0.044480 0.106178
8 0.100162 0.634736 0.095130 0.225536
7 0.616883 0.208927 0.081169 0.173545
1 0.679221 0.190255 0.052597 0.086407
1 0.707955 0.242245 0.039935 0.092265
1 0.804545 0.254693 0.069481 0.084942
5 0.597078 0.517574 0.066883 0.149381
5 0.687500 0.477300 0.034740 0.152310
5 0.762175 0.480595 0.054221 0.145720
5 0.812500 0.810478 0.092532 0.193316
5 0.911039 0.792171 0.088312 0.197710
11 0.668019 0.683797 0.111364 0.235787