6 0.503778 0.876444 0.017333 0.057778
0 0.513444 0.861556 0.022444 0.029778
0 0.520444 0.830222 0.019111 0.040000
0 0.503667 0.825556 0.017556 0.050222
0 0.493444 0.757111 0.024667 0.022667
0 0.471444 0.725333 0.012667 0.052444
0 0.483444 0.726000 0.012222 0.046667
0 0.538444 0.682000 0.016444 0.041333
0 0.550444 0.691111 0.014667 0.040889
0 0.552444 0.662889 0.018667 0.028000
0 0.503333 0.602444 0.022667 0.021778
0 0.502778 0.582444 0.024222 0.021778
0 0.403444 0.448889 0.025111 0.020444
0 0.401889 0.431778 0.022444 0.020889
0 0.402111 0.417333 0.021556 0.024000
0 0.342778 0.354000 0.020667 0.033333
0 0.351333 0.339778 0.020000 0.032444
6 0.527000 0.596000 0.026000 0.035556
6 0.590000 0.642889 0.023111 0.048444
6 0.499556 0.718667 0.022667 0.036444
6 0.425556 0.403111 0.023556 0.040000
6 0.332000 0.319333 0.025778 0.040444
6 0.237556 0.265333 0.027111 0.040889
6 0.224222 0.286444 0.024444 0.034222
0 0.248889 0.297111 0.013778 0.036889
0 0.262222 0.264889 0.020000 0.024000
0 0.244111 0.248667 0.016222 0.036000
0 0.251556 0.239333 0.017333 0.032444
0 0.226778 0.238444 0.010000 0.035111
0 0.210222 0.180667 0.016889 0.035111
0 0.227889 0.186444 0.018000 0.029778
0 0.227222 0.164889 0.018889 0.029333
0 0.226778 0.148222 0.019778 0.024444
0 0.210444 0.150889 0.019556 0.030667
0 0.278667 0.333556 0.020444 0.026222
0 0.284889 0.319111 0.024000 0.029333
0 0.286556 0.300000 0.019333 0.027556
0 0.291889 0.288444 0.025111 0.030222
3 0.194778 0.900444 0.021111 0.046222
3 0.201889 0.884667 0.019333 0.044000
3 0.211333 0.876000 0.016889 0.040889
3 0.219667 0.868444 0.015778 0.043556
3 0.229778 0.861111 0.017333 0.049333
3 0.279889 0.677333 0.022889 0.026667
3 0.278778 0.658000 0.022444 0.025333
3 0.278000 0.641333 0.021778 0.027556
3 0.226222 0.554889 0.016444 0.039556
3 0.165778 0.661111 0.012889 0.050222
3 0.177556 0.663778 0.013778 0.051111
3 0.219444 0.732000 0.023333 0.024889
3 0.213444 0.710667 0.022000 0.028444
9 0.193667 0.804222 0.030000 0.032444
9 0.212333 0.793556 0.026889 0.030667
9 0.194889 0.721111 0.019111 0.043111
9 0.270667 0.617778 0.030222 0.031111
9 0.250444 0.563111 0.017778 0.032000
9 0.177778 0.487556 0.027111 0.031111
9 0.186889 0.452444 0.021333 0.032000
3 0.197889 0.484889 0.018444 0.032000
3 0.204444 0.472000 0.020444 0.039111
3 0.209667 0.457333 0.020667 0.031111
3 0.192333 0.421556 0.024222 0.022667
10 0.258222 0.150667 0.025333 0.038222
10 0.267444 0.182222 0.028222 0.037333
10 0.247333 0.413778 0.022222 0.047111
4 0.267667 0.408222 0.022889 0.022667
4 0.354889 0.220667 0.020889 0.027111
4 0.356889 0.199556 0.018667 0.021333
4 0.362111 0.188222 0.018444 0.021778
4 0.411556 0.122889 0.018222 0.034222
4 0.420667 0.116222 0.019556 0.030667
4 0.422778 0.100889 0.016667 0.031111
10 0.392778 0.086444 0.025111 0.046667
10 0.446556 0.187556 0.023778 0.036444
10 0.437778 0.334000 0.020444 0.021778
10 0.438000 0.314000 0.021778 0.023556
10 0.436778 0.298000 0.019778 0.023556
10 0.433222 0.286000 0.019778 0.026222
10 0.498111 0.281333 0.019778 0.020444
10 0.491111 0.269111 0.021333 0.023556
10 0.492000 0.253333 0.020000 0.017778
10 0.489889 0.239333 0.022444 0.020889
10 0.505333 0.452000 0.021333 0.032000
10 0.479444 0.431333 0.018444 0.036000
10 0.491222 0.421111 0.019778 0.023556
11 0.184333 0.344889 0.021556 0.035556
5 0.206778 0.348000 0.015778 0.040000
3 0.439111 0.639556 0.016889 0.043556
3 0.425667 0.637556 0.017111 0.045778
3 0.415667 0.622222 0.019778 0.033778
3 0.422556 0.598000 0.022889 0.028000
3 0.446889 0.598444 0.024000 0.020000
3 0.399222 0.592889 0.010444 0.047111
3 0.406333 0.573111 0.013556 0.049333
3 0.420111 0.556667 0.015333 0.044889
3 0.408556 0.532000 0.023778 0.032000
3 0.827333 0.712222 0.011556 0.034222
3 0.848444 0.706000 0.015556 0.041333
3 0.821000 0.686000 0.022000 0.031556
3 0.834667 0.665333 0.020000 0.031111
3 0.816111 0.664667 0.018444 0.036889
5 0.780000 0.614444 0.019111 0.032444
5 0.769889 0.639333 0.022444 0.020000
5 0.812111 0.873556 0.022444 0.044000
5 0.818333 0.860222 0.022444 0.045778
5 0.827000 0.854667 0.022000 0.043556
5 0.765333 0.830222 0.020889 0.033778
5 0.745333 0.813111 0.018667 0.044889
5 0.743444 0.770667 0.020222 0.043556
5 0.761889 0.792222 0.014889 0.045778
5 0.760778 0.748444 0.019333 0.023111
5 0.745222 0.422000 0.019333 0.042222
5 0.754000 0.405333 0.019556 0.034667
5 0.694667 0.442667 0.024444 0.035556
5 0.698556 0.424667 0.023778 0.033333
5 0.701889 0.409556 0.021111 0.028889
11 0.713333 0.369111 0.027556 0.035111
2 0.483111 0.374000 0.021778 0.021778
2 0.480778 0.348889 0.018889 0.032000
2 0.541333 0.361556 0.019556 0.025333
2 0.536444 0.333333 0.015111 0.044444
2 0.546000 0.332889 0.015556 0.036444
2 0.582778 0.360667 0.019333 0.020889
2 0.602000 0.414222 0.021333 0.028444
2 0.603778 0.389333 0.019556 0.021333
2 0.602889 0.371556 0.022667 0.021333
2 0.602778 0.354667 0.020222 0.018667
2 0.578444 0.576444 0.018222 0.041778
2 0.586778 0.564222 0.016667 0.042222
2 0.582444 0.533111 0.015556 0.035111
2 0.577111 0.513778 0.021778 0.030222
2 0.599556 0.510000 0.020000 0.031556
2 0.660667 0.541111 0.020444 0.031556
2 0.680000 0.533333 0.011111 0.046222
2 0.661333 0.516444 0.022222 0.037333
2 0.656111 0.191778 0.022000 0.026222
2 0.654778 0.171111 0.020667 0.022222
2 0.654444 0.148444 0.019556 0.024000
8 0.593222 0.290222 0.025111 0.035556
8 0.591111 0.544000 0.023556 0.032000
8 0.675444 0.601778 0.021556 0.043556
5 0.568778 0.792222 0.024667 0.038667
5 0.553444 0.795778 0.024222 0.030667
5 0.563778 0.822889 0.023111 0.026222
5 0.568111 0.842444 0.024667 0.024444
5 0.569667 0.865556 0.024222 0.020889
5 0.546111 0.852667 0.022889 0.036889
1 0.778111 0.227111 0.023778 0.024889
1 0.774111 0.243556 0.021556 0.026667
1 0.757000 0.251778 0.022444 0.030667
1 0.776333 0.285111 0.023333 0.028889
1 0.697111 0.131111 0.020889 0.024000
1 0.700000 0.164889 0.020000 0.028444
1 0.686667 0.178444 0.022667 0.030667
1 0.683667 0.330444 0.022444 0.030667
1 0.690333 0.319778 0.018444 0.027111
1 0.690556 0.302667 0.020222 0.026667
1 0.694889 0.287111 0.024000 0.024889
1 0.659667 0.275556 0.010889 0.042667
1 0.612889 0.244889 0.021778 0.030222
1 0.609000 0.210222 0.022000 0.030222
1 0.621000 0.202667 0.022000 0.029333
1 0.609444 0.184889 0.019778 0.026667
1 0.604000 0.167778 0.017333 0.032444
1 0.625333 0.182222 0.013333 0.042667
7 0.624889 0.266222 0.025333 0.045333
7 0.651222 0.248444 0.025556 0.036444
7 0.682000 0.211556 0.026667 0.039111
0 0.734330 0.544302 0.019373 0.023077
0 0.736823 0.525071 0.018661 0.020513
0 0.743732 0.499145 0.011111 0.037037
0 0.757692 0.514957 0.021368 0.031054
0 0.730627 0.503276 0.019943 0.029345
0 0.722578 0.490598 0.019801 0.027920
0 0.717379 0.518661 0.019943 0.030484
6 0.747578 0.539174 0.017094 0.060114