3 0.476273 0.865509 0.021991 0.023611
3 0.477199 0.837037 0.014583 0.037963
3 0.443634 0.751852 0.020602 0.023148
3 0.500347 0.706713 0.012731 0.041204
3 0.515625 0.701852 0.017824 0.034259
3 0.519329 0.713657 0.015046 0.032870
3 0.542593 0.837037 0.012037 0.036111
3 0.553009 0.850926 0.018056 0.037037
3 0.556944 0.825000 0.020833 0.029630
3 0.581250 0.830787 0.020370 0.029167
3 0.583102 0.850000 0.016667 0.032407
3 0.355440 0.807870 0.011343 0.037037
3 0.371875 0.771528 0.017361 0.042130
3 0.414583 0.778704 0.019907 0.031481
3 0.397338 0.765046 0.021065 0.034722
3 0.507523 0.535417 0.018287 0.024537
3 0.485185 0.514583 0.012037 0.033796
3 0.499769 0.520370 0.015741 0.025000
3 0.498264 0.504167 0.016435 0.026852
3 0.520139 0.479630 0.013426 0.031481
3 0.514815 0.507870 0.011574 0.025000
3 0.522454 0.522454 0.013889 0.029167
3 0.529745 0.513889 0.016435 0.028704
3 0.534954 0.495370 0.015741 0.033333
9 0.453935 0.713194 0.014815 0.044907
9 0.514699 0.810880 0.023380 0.043981
9 0.566551 0.851620 0.017824 0.052315
9 0.566204 0.810417 0.023611 0.036574
9 0.381481 0.787269 0.016667 0.056019
9 0.394213 0.784259 0.023611 0.037963
9 0.523843 0.684954 0.024074 0.035648
3 0.508565 0.784491 0.012037 0.038426
3 0.518056 0.792593 0.010185 0.035185
3 0.612037 0.157870 0.012037 0.023148
3 0.621181 0.154398 0.011806 0.022685
3 0.620139 0.144907 0.012500 0.016667
3 0.628704 0.153241 0.008796 0.022222
3 0.634491 0.147685 0.011111 0.018519
10 0.384144 0.700926 0.019676 0.035185
10 0.355556 0.400694 0.014815 0.035648
10 0.272531 0.633025 0.016049 0.038889
10 0.285494 0.617593 0.019753 0.033951
10 0.306790 0.434568 0.018519 0.034568
4 0.388636 0.671212 0.014141 0.032323
4 0.324786 0.502564 0.012393 0.029915
4 0.328953 0.517308 0.012179 0.032906
4 0.336859 0.518803 0.015171 0.029915
4 0.391453 0.442949 0.006838 0.032051
4 0.398077 0.441453 0.008547 0.029915
4 0.403632 0.444444 0.008547 0.028205
4 0.413675 0.445085 0.010684 0.029487
4 0.464530 0.418376 0.017949 0.024786
4 0.462286 0.404701 0.011752 0.024786
4 0.478312 0.396368 0.014744 0.026068
4 0.390064 0.372863 0.008333 0.031197
4 0.397115 0.372650 0.005769 0.029915
4 0.403312 0.376709 0.009615 0.027778
4 0.409829 0.371368 0.008974 0.030769
4 0.313248 0.444872 0.010684 0.035897
4 0.321902 0.425641 0.013889 0.031624
4 0.307523 0.417130 0.016435 0.023148
11 0.328914 0.770202 0.014899 0.052525
11 0.496860 0.190338 0.012560 0.036715
11 0.667512 0.166425 0.014734 0.031401
5 0.338164 0.744444 0.019324 0.021256
5 0.507367 0.209420 0.013768 0.025604
5 0.511715 0.214734 0.012802 0.022705
5 0.516667 0.221981 0.015459 0.020773
5 0.590459 0.182609 0.007971 0.021256
5 0.597101 0.191063 0.010145 0.021739
5 0.646111 0.236852 0.014444 0.020370
5 0.645926 0.225556 0.015926 0.017037
5 0.642500 0.220000 0.014630 0.018519
5 0.642130 0.212963 0.015741 0.015556
5 0.638241 0.207778 0.015000 0.019259
5 0.519722 0.177593 0.015370 0.015185
5 0.516667 0.165741 0.012593 0.018889
5 0.671399 0.185185 0.014815 0.018107
5 0.672737 0.191770 0.015432 0.015638
5 0.674897 0.198560 0.014815 0.019342
1 0.462130 0.118333 0.010185 0.024815
1 0.465926 0.123704 0.010000 0.022963
1 0.472130 0.129074 0.009074 0.024815
1 0.477130 0.130185 0.009815 0.030000
1 0.463056 0.193333 0.013519 0.025185
1 0.468426 0.197593 0.013519 0.018889
1 0.471852 0.200556 0.012222 0.021111
1 0.476389 0.210370 0.012037 0.021481
1 0.408148 0.161852 0.011852 0.025926
1 0.414352 0.165556 0.010926 0.022222
1 0.417685 0.170926 0.011296 0.022593
1 0.450278 0.220185 0.013889 0.018148
1 0.414167 0.263148 0.013519 0.024815
1 0.409259 0.247222 0.012593 0.024074
1 0.405000 0.237407 0.009630 0.022963
1 0.397407 0.230000 0.011481 0.019259
1 0.397778 0.249815 0.008889 0.027037
1 0.389352 0.253333 0.012407 0.025185
7 0.431173 0.179218 0.011728 0.038272
7 0.440226 0.221399 0.014609 0.035391
7 0.439403 0.251029 0.012963 0.029630
8 0.438992 0.278395 0.012551 0.042387
8 0.532716 0.320576 0.009877 0.036214
8 0.567901 0.261728 0.017284 0.033745
2 0.544650 0.248971 0.014403 0.018930
2 0.545473 0.268519 0.016049 0.025103
2 0.534979 0.261728 0.013169 0.023868
2 0.481996 0.275720 0.012551 0.016461
2 0.480041 0.291770 0.011111 0.027160
2 0.472942 0.288683 0.009259 0.025103
2 0.466564 0.283745 0.010082 0.021811
2 0.463992 0.305350 0.009465 0.025514
2 0.405247 0.201646 0.011728 0.023868
2 0.410597 0.205761 0.012551 0.023868
2 0.413477 0.212757 0.012140 0.023868
2 0.429321 0.324074 0.008848 0.030864
2 0.436214 0.328601 0.009053 0.026749
2 0.443519 0.334568 0.009259 0.025514
2 0.434774 0.400206 0.010700 0.028395
2 0.442078 0.403909 0.009671 0.030041
2 0.518621 0.333745 0.011317 0.028807
2 0.526955 0.334774 0.008642 0.025926
2 0.521914 0.315226 0.010082 0.025514
2 0.539609 0.334979 0.016667 0.017284
2 0.540844 0.347119 0.016255 0.019342
6 0.538374 0.388272 0.012140 0.039095
6 0.566667 0.349177 0.019753 0.030864
6 0.636008 0.464609 0.018930 0.034568
6 0.578395 0.442181 0.014815 0.041564
6 0.437243 0.466049 0.011934 0.047325
6 0.376440 0.564815 0.022428 0.040741
0 0.554880 0.178979 0.011261 0.017417
0 0.547598 0.186186 0.010811 0.015616
0 0.546396 0.198048 0.007508 0.021321
0 0.539114 0.204655 0.006757 0.020721
0 0.548048 0.215465 0.012913 0.017117
0 0.553604 0.200601 0.009009 0.020420
0 0.559685 0.205706 0.008559 0.021021
6 0.561486 0.194294 0.021772 0.022823
0 0.566517 0.384835 0.011712 0.024324
0 0.570571 0.402853 0.012913 0.024324
0 0.576727 0.392192 0.013213 0.022222
0 0.526577 0.418919 0.010511 0.034835
0 0.534459 0.423123 0.010360 0.030631
0 0.577553 0.463363 0.016066 0.021622
0 0.590240 0.461411 0.011411 0.030330
0 0.572823 0.474925 0.015916 0.022523
0 0.436336 0.499249 0.008709 0.027928
0 0.443168 0.500901 0.008559 0.028829
0 0.450300 0.502252 0.010811 0.027928
0 0.395270 0.559459 0.007357 0.029429
0 0.376577 0.546096 0.016517 0.021922
0 0.630914 0.454659 0.011649 0.033333
0 0.621416 0.447133 0.013082 0.027599
0 0.616219 0.461649 0.017742 0.019355
0 0.238477 0.695473 0.016049 0.038683
0 0.241770 0.718107 0.016461 0.030453
0 0.251132 0.686831 0.012963 0.032099
0 0.262654 0.683951 0.013374 0.038683
0 0.256173 0.712551 0.017284 0.030041
0 0.308951 0.714198 0.016667 0.024280
6 0.316872 0.709259 0.016872 0.046502
6 0.310700 0.698971 0.015226 0.054733
0 0.327366 0.675926 0.018107 0.030041
0 0.315844 0.661523 0.011523 0.039918
0 0.297942 0.680453 0.012757 0.030041
0 0.295370 0.706379 0.017901 0.029218
0 0.359362 0.640329 0.015844 0.035391
0 0.349588 0.636626 0.015226 0.032922
0 0.347222 0.623457 0.012963 0.031276
0 0.360494 0.611317 0.017284 0.032510
5 0.614609 0.389095 0.013580 0.020165
5 0.614198 0.404733 0.013169 0.022634
5 0.624897 0.401029 0.008642 0.027572
5 0.632407 0.397737 0.007202 0.036626
5 0.639712 0.401440 0.008642 0.030864
5 0.633333 0.422222 0.013992 0.020576