1 0.148220 0.847005 0.038498 0.028346
1 0.128878 0.722205 0.022613 0.042645
1 0.170833 0.663004 0.026538 0.037628
1 0.201389 0.662377 0.030462 0.033363
1 0.224469 0.686835 0.020557 0.038130
1 0.243625 0.681567 0.017754 0.042645
1 0.223348 0.663882 0.027659 0.032360
1 0.240635 0.643312 0.019997 0.037377
1 0.242317 0.613712 0.026351 0.034367
1 0.105610 0.629390 0.025043 0.035621
1 0.128223 0.610701 0.031023 0.022326
1 0.093463 0.623119 0.020557 0.036625
1 0.078605 0.620359 0.026351 0.033113
1 0.146071 0.596528 0.021118 0.032611
1 0.163825 0.590382 0.024108 0.021322
1 0.190830 0.601420 0.031023 0.026841
1 0.189802 0.580850 0.027846 0.017811
1 0.212602 0.574077 0.020371 0.033865
1 0.172609 0.567806 0.020744 0.032360
1 0.149435 0.574202 0.030836 0.021573
1 0.414625 0.621613 0.029715 0.032611
1 0.403506 0.592891 0.026911 0.025838
1 0.439107 0.598159 0.030462 0.028346
1 0.420138 0.582857 0.023921 0.038882
1 0.402104 0.569185 0.020371 0.030604
1 0.425838 0.571067 0.020744 0.032862
1 0.413411 0.545229 0.026164 0.031357
1 0.519375 0.671659 0.022800 0.041892
1 0.555163 0.758328 0.030089 0.040136
1 0.598521 0.653096 0.019623 0.040889
1 0.518253 0.560405 0.023921 0.028597
1 0.533578 0.542344 0.028033 0.022075
1 0.545539 0.563541 0.030649 0.019316
1 0.560209 0.548114 0.026351 0.025587
1 0.645335 0.725717 0.032144 0.027092
2 0.114403 0.557001 0.032598 0.032324
2 0.106180 0.547343 0.030836 0.029171
2 0.102656 0.538868 0.032892 0.031536
2 0.096562 0.527436 0.033039 0.030747
2 0.087385 0.518468 0.030836 0.028579
2 0.087899 0.505460 0.031864 0.027791
2 0.166310 0.488805 0.030396 0.023652
2 0.165723 0.476585 0.031864 0.018133
2 0.166164 0.464167 0.032158 0.019710
2 0.091643 0.453820 0.030249 0.027791
2 0.089294 0.440614 0.031423 0.027003
2 0.083861 0.432139 0.030836 0.025820
2 0.149424 0.374586 0.029221 0.027791
2 0.213152 0.392818 0.030396 0.027594
2 0.279082 0.401194 0.023054 0.033310
2 0.289435 0.405629 0.019676 0.033901
2 0.357641 0.457269 0.023347 0.031142
2 0.365056 0.467420 0.022026 0.035281
2 0.376730 0.473727 0.023347 0.036857
2 0.383631 0.482498 0.022173 0.035478
2 0.094947 0.330633 0.027459 0.018724
2 0.098765 0.316738 0.030689 0.016162
2 0.095461 0.306686 0.029074 0.013403
2 0.096122 0.298013 0.029221 0.018133
2 0.175635 0.299294 0.020851 0.030550
2 0.186280 0.295648 0.018355 0.028382
2 0.196706 0.291608 0.019823 0.028579
2 0.340681 0.298802 0.026431 0.020498
2 0.345674 0.288060 0.025844 0.017148
2 0.346995 0.279092 0.023200 0.016162
2 0.354925 0.270222 0.025550 0.019316
2 0.360284 0.262338 0.023641 0.020498
2 0.361973 0.256327 0.022026 0.016359
2 0.367699 0.248344 0.023494 0.017345
2 0.373279 0.241052 0.024082 0.018921
8 0.385834 0.222130 0.030102 0.035084
8 0.714679 0.272686 0.022026 0.040799
2 0.471401 0.453960 0.018813 0.036959
2 0.482053 0.451702 0.018689 0.036123
2 0.493515 0.451284 0.015449 0.036290
2 0.504106 0.448609 0.016944 0.036625
2 0.533571 0.343501 0.025790 0.016055
2 0.534817 0.355960 0.028033 0.014884
2 0.536624 0.365493 0.026911 0.014549
2 0.541420 0.373687 0.027534 0.016222
2 0.543850 0.383721 0.029902 0.014549
2 0.545843 0.397853 0.029403 0.020403
7 0.482988 0.551793 0.032767 0.044652
3 0.965152 0.694612 0.027784 0.040304
3 0.880057 0.659576 0.033266 0.031775
3 0.942850 0.562747 0.026039 0.030102
3 0.857194 0.530303 0.026911 0.034785
3 0.810847 0.492591 0.026164 0.029601
3 0.811158 0.480300 0.025790 0.027761
3 0.817886 0.473778 0.025043 0.030102
3 0.824988 0.467590 0.023548 0.029433
3 0.799011 0.442839 0.025666 0.026089
3 0.794837 0.452455 0.026039 0.026256
3 0.791286 0.460817 0.025167 0.027594
3 0.784932 0.469179 0.024171 0.029266
3 0.620234 0.531293 0.028114 0.031024
3 0.624901 0.520106 0.027002 0.027445
3 0.629735 0.511306 0.026669 0.030129
3 0.635180 0.501835 0.027336 0.026997
3 0.642792 0.491021 0.029225 0.027146
3 0.650070 0.478715 0.027114 0.025207
3 0.712187 0.422931 0.025113 0.026102
3 0.715131 0.412192 0.025669 0.022523
3 0.718910 0.405853 0.025002 0.023268
3 0.722521 0.396754 0.025336 0.023567
3 0.724966 0.388178 0.024669 0.024909
3 0.729966 0.381466 0.025558 0.024611
3 0.733022 0.371547 0.024113 0.022672
3 0.736133 0.364910 0.024558 0.024611
3 0.698574 0.347682 0.027002 0.027743
3 0.705297 0.341194 0.026002 0.027296
3 0.711131 0.333960 0.024558 0.029235
3 0.656182 0.303234 0.018002 0.030726
3 0.666905 0.301966 0.016113 0.030577
3 0.675128 0.299281 0.017890 0.030279
3 0.619067 0.307485 0.027114 0.022523
3 0.590898 0.345743 0.026336 0.019092
3 0.650015 0.248568 0.027669 0.016258
3 0.653015 0.258934 0.025891 0.017004
3 0.656626 0.267511 0.026669 0.022821
5 0.614956 0.389073 0.028003 0.021926
5 0.619956 0.380496 0.028891 0.023865
5 0.736244 0.516899 0.028558 0.029980
5 0.739134 0.501760 0.026780 0.024462
5 0.741078 0.492662 0.026891 0.023865
5 0.395539 0.301692 0.027410 0.028698
5 0.400747 0.294242 0.024121 0.025202
5 0.408559 0.288079 0.021380 0.025018
5 0.413698 0.281181 0.023161 0.025570
5 0.418974 0.272627 0.023024 0.025754
5 0.424045 0.266464 0.021380 0.025938
5 0.445425 0.331310 0.024121 0.029433
5 0.451592 0.323584 0.027136 0.027962
5 0.458171 0.317237 0.024943 0.029617
5 0.454265 0.401398 0.018502 0.032377
5 0.464749 0.397811 0.018913 0.032561
5 0.473863 0.394408 0.019050 0.033113
5 0.398143 0.387049 0.026862 0.027594
5 0.403899 0.377208 0.023298 0.025938
5 0.411026 0.369849 0.025491 0.025202
3 0.348874 0.154985 0.016583 0.027410
3 0.330372 0.143948 0.018502 0.017108
3 0.332702 0.155721 0.020420 0.018212
3 0.313378 0.157561 0.019872 0.028514
3 0.313926 0.140820 0.013842 0.023731
3 0.311048 0.129967 0.017131 0.020787
3 0.283501 0.118837 0.019598 0.017292
3 0.275484 0.141740 0.018091 0.018580
3 0.300838 0.156549 0.015898 0.022443
3 0.287339 0.173105 0.022065 0.019132
3 0.264588 0.165839 0.012471 0.024099
3 0.235465 0.187546 0.020557 0.025938
9 0.253282 0.173749 0.026039 0.034768
9 0.295493 0.115710 0.018365 0.040839
2 0.739108 0.982103 0.036808 0.035793
2 0.736367 0.952907 0.039940 0.032061
2 0.709153 0.970120 0.019578 0.052297
5 0.932074 0.327047 0.021809 0.019196
11 0.919024 0.348162 0.034679 0.038391
2 0.695287 0.230983 0.022099 0.014027
2 0.696315 0.239376 0.022442 0.012877
2 0.700512 0.249494 0.022271 0.014257
2 0.705223 0.259267 0.022442 0.018626