2 0.029680 0.010945 0.030887 0.021890
2 0.058834 0.012693 0.029024 0.025386
2 0.122065 0.089128 0.058463 0.057947
2 0.134504 0.115894 0.052658 0.057395
2 0.199808 0.104857 0.032341 0.072848
2 0.187784 0.058775 0.045609 0.067881
2 0.226966 0.049393 0.035244 0.076711
2 0.250600 0.118102 0.060951 0.038631
2 0.088687 0.175773 0.085414 0.056843
2 0.211418 0.195088 0.029024 0.081126
2 0.250186 0.214404 0.059292 0.042494
2 0.287710 0.261589 0.033170 0.075055
2 0.258686 0.275938 0.051414 0.062914
2 0.218881 0.303808 0.054731 0.042494
2 0.490671 0.039735 0.050170 0.062914
2 0.516378 0.042219 0.042707 0.070088
0 0.280454 0.411700 0.053487 0.051876
0 0.264905 0.437638 0.053902 0.052980
0 0.269051 0.476545 0.049756 0.052428
0 0.243137 0.500552 0.055146 0.051876
0 0.147772 0.512417 0.058463 0.044702
0 0.119992 0.453918 0.031097 0.070088
0 0.151918 0.454746 0.040219 0.076159
0 0.175967 0.447572 0.040219 0.076159
0 0.197528 0.665839 0.050170 0.064570
0 0.186955 0.693433 0.047268 0.059051
0 0.171406 0.723234 0.046853 0.068985
0 0.155857 0.744205 0.043121 0.071192
0 0.105895 0.853201 0.038561 0.081678
0 0.066712 0.868377 0.034000 0.089956
0 0.322746 0.737307 0.056804 0.040839
0 0.332904 0.774007 0.058048 0.040287
0 0.352599 0.703918 0.036073 0.073400
0 0.376648 0.703091 0.031926 0.075055
0 0.403184 0.551325 0.038561 0.071744
0 0.362550 0.567053 0.031097 0.074503
0 0.339746 0.505795 0.026951 0.062362
0 0.359441 0.487583 0.027366 0.075607
0 0.389294 0.493929 0.029853 0.071744
0 0.416867 0.501104 0.035244 0.069536
0 0.355087 0.342715 0.043536 0.069536
0 0.378306 0.326711 0.033585 0.072848
0 0.386184 0.285872 0.041048 0.068433
0 0.400074 0.258278 0.034000 0.073951
4 0.526744 0.788355 0.026122 0.067881
4 0.547682 0.781181 0.027366 0.080022
4 0.574633 0.794702 0.038975 0.066225
4 0.501451 0.712748 0.053487 0.043598
4 0.512646 0.682671 0.044365 0.036424
4 0.468074 0.674393 0.058877 0.045254
4 0.458537 0.603477 0.053073 0.051325
4 0.476573 0.583885 0.042707 0.054084
4 0.504146 0.614790 0.031512 0.072848
4 0.473878 0.496413 0.050585 0.043598
4 0.530061 0.465232 0.054316 0.036424
4 0.500000 0.446744 0.016585 0.074503
4 0.471391 0.440949 0.042292 0.066225
4 0.451903 0.264073 0.050585 0.033664
4 0.483415 0.266556 0.033170 0.069536
4 0.510780 0.284216 0.029853 0.073951
4 0.489220 0.222130 0.051414 0.042494
4 0.589975 0.191777 0.052243 0.050221
4 0.575255 0.272075 0.033585 0.060706
4 0.593914 0.261589 0.028609 0.068433
4 0.618377 0.262141 0.025292 0.072848
4 0.621486 0.337472 0.032341 0.059051
4 0.648645 0.323675 0.026951 0.063466
4 0.689900 0.356236 0.065511 0.052428
4 0.686583 0.447572 0.034829 0.065121
4 0.646572 0.452539 0.041878 0.061810
4 0.616096 0.570640 0.023219 0.073951
4 0.649889 0.575331 0.028609 0.071192
4 0.743388 0.202815 0.045609 0.057947
4 0.750229 0.172737 0.036073 0.058499
4 0.783607 0.181291 0.032341 0.077815
4 0.770546 0.111479 0.050999 0.041943
1 0.812631 0.341611 0.043951 0.054084
1 0.776765 0.334161 0.042707 0.054636
1 0.788790 0.288355 0.036073 0.062362
1 0.751473 0.280905 0.046024 0.033113
1 0.897008 0.217715 0.036902 0.051325
1 0.883325 0.189018 0.037731 0.055740
1 0.872337 0.061810 0.059707 0.048565
1 0.847252 0.022627 0.039390 0.045254
1 0.915666 0.160872 0.035244 0.055740
5 0.886228 0.455850 0.042707 0.045254
5 0.848496 0.454470 0.047682 0.028146
5 0.858447 0.392660 0.045195 0.033664
5 0.731985 0.518488 0.046853 0.034768
5 0.752509 0.548565 0.037317 0.051876
5 0.785265 0.607616 0.034000 0.061810
5 0.820716 0.619757 0.046024 0.029801
5 0.877728 0.661148 0.048097 0.033113
5 0.905715 0.701159 0.041878 0.041391
5 0.936812 0.681843 0.043536 0.035872
5 0.947385 0.642384 0.049756 0.032009
5 0.713120 0.679360 0.043951 0.050773
5 0.663364 0.668046 0.054731 0.033664
5 0.719754 0.733168 0.046439 0.045806
5 0.809314 0.769316 0.053902 0.032009
5 0.844972 0.781181 0.028195 0.055740
5 0.829838 0.814018 0.039390 0.057395
5 0.914008 0.792770 0.031097 0.063466
5 0.946556 0.818157 0.037317 0.043598
5 0.941788 0.780077 0.043536 0.051325
5 0.976824 0.796358 0.041463 0.039735
5 0.874411 0.908113 0.038146 0.053532
5 0.991107 0.938190 0.017786 0.035320
5 0.879801 0.968543 0.041463 0.036424
5 0.861350 0.980960 0.039390 0.038079
5 0.808899 0.938742 0.044780 0.059603
5 0.816570 0.899283 0.032756 0.063466
5 0.788168 0.880243 0.043121 0.066225
5 0.659840 0.964128 0.045195 0.034216
5 0.629779 0.961369 0.028195 0.067329
5 0.663986 0.932947 0.044365 0.039183