0 0.390625 0.309028 0.017361 0.019444
0 0.365972 0.368981 0.009259 0.029167
0 0.421644 0.357176 0.016435 0.022222
0 0.472685 0.357407 0.016204 0.018981
0 0.446759 0.417593 0.015278 0.028241
6 0.381134 0.325463 0.018750 0.030093
6 0.429051 0.612500 0.017361 0.047685
6 0.522569 0.436111 0.020602 0.042130
6 0.568750 0.470602 0.017593 0.034259
6 0.562500 0.509491 0.021759 0.039815
6 0.440625 0.365972 0.016435 0.030556
9 0.408333 0.614444 0.018519 0.044815
9 0.421481 0.599815 0.020741 0.043704
9 0.408981 0.413148 0.019444 0.045926
9 0.371296 0.409815 0.020000 0.034815
9 0.306322 0.407663 0.018008 0.044828
9 0.329885 0.326437 0.018391 0.025670
9 0.315326 0.544828 0.017625 0.032567
3 0.237452 0.482375 0.009770 0.032567
3 0.298180 0.527203 0.018582 0.023372
3 0.309100 0.513985 0.020115 0.016858
3 0.333812 0.471073 0.012452 0.037548
3 0.330556 0.449617 0.019732 0.026820
3 0.360345 0.459195 0.013027 0.019923
3 0.372318 0.482950 0.015900 0.028352
3 0.371935 0.444828 0.018582 0.022605
3 0.362835 0.429119 0.011494 0.029502
3 0.360920 0.389464 0.015709 0.025287
3 0.328831 0.401341 0.015517 0.022222
3 0.350670 0.362452 0.018966 0.018008
3 0.379885 0.362261 0.017241 0.019923
3 0.400192 0.352490 0.015709 0.030268
3 0.423946 0.482950 0.011494 0.033716
3 0.404981 0.514751 0.011494 0.035249
3 0.392625 0.544253 0.012835 0.031418
3 0.400958 0.549425 0.011877 0.031034
3 0.399042 0.570115 0.017625 0.022605
3 0.390709 0.595977 0.017050 0.035249
3 0.408621 0.591188 0.016858 0.024904
3 0.422701 0.559770 0.010920 0.039464
3 0.427299 0.532567 0.017050 0.030268
3 0.467146 0.464176 0.018582 0.017625
3 0.494061 0.459770 0.013793 0.030268
3 0.346839 0.586973 0.019732 0.026437
3 0.340134 0.568391 0.015900 0.033716
10 0.320402 0.287356 0.021648 0.034866
10 0.329023 0.248084 0.019732 0.026820
10 0.391188 0.219349 0.019923 0.028352
10 0.365613 0.232950 0.016284 0.023372
10 0.521839 0.241762 0.018391 0.031801
4 0.342337 0.294253 0.012261 0.024904
4 0.420690 0.303640 0.011877 0.025287
4 0.429598 0.328161 0.013218 0.029885
4 0.438602 0.315900 0.016284 0.017625
4 0.443295 0.336590 0.010728 0.028352
4 0.458908 0.365900 0.016284 0.026437
4 0.467529 0.279119 0.013602 0.023755
4 0.479693 0.295594 0.013793 0.018391
4 0.482280 0.284483 0.013602 0.016092
4 0.487548 0.265326 0.015326 0.023755
4 0.523084 0.295594 0.012835 0.019923
4 0.411111 0.218774 0.012261 0.025670
4 0.407854 0.201916 0.008429 0.024138
4 0.391571 0.230843 0.011494 0.028352
4 0.401724 0.243870 0.013027 0.020690
4 0.394157 0.253640 0.013602 0.018008
4 0.396360 0.266092 0.013793 0.027586
4 0.579598 0.376245 0.017433 0.021073
0 0.480843 0.430651 0.016858 0.019540
0 0.503736 0.508238 0.017433 0.025287
0 0.525287 0.367241 0.014559 0.026820
0 0.539080 0.355747 0.012261 0.024521
0 0.567816 0.338506 0.016092 0.019923
0 0.596648 0.364751 0.017816 0.022605
0 0.542433 0.451916 0.017050 0.022222
0 0.545211 0.530651 0.017241 0.024904
2 0.487931 0.305747 0.014176 0.025670
2 0.512548 0.313027 0.009770 0.027969
2 0.546456 0.313985 0.014751 0.025287
2 0.553352 0.299042 0.014751 0.020690
2 0.560536 0.294444 0.015326 0.024521
2 0.585728 0.285057 0.009770 0.024138
2 0.577107 0.318966 0.014368 0.016858
2 0.585920 0.337739 0.016667 0.019923
2 0.598563 0.321839 0.016667 0.021839
2 0.607471 0.371264 0.013410 0.023372
2 0.588506 0.397701 0.012261 0.024904
2 0.580364 0.396935 0.013218 0.027969
2 0.560057 0.374713 0.018582 0.024138
2 0.548084 0.403448 0.018774 0.021839
2 0.533716 0.425479 0.011877 0.030651
2 0.544636 0.429693 0.010345 0.027586
2 0.556130 0.427778 0.009195 0.033716
2 0.622701 0.431609 0.017433 0.032184
2 0.653448 0.408812 0.013410 0.030268
2 0.650000 0.443487 0.011494 0.032950
2 0.660824 0.267816 0.015900 0.022605
8 0.564272 0.432184 0.019732 0.034866
8 0.617720 0.484674 0.025096 0.031801
8 0.592816 0.298659 0.019349 0.034483
11 0.514655 0.607663 0.024713 0.044061
11 0.631705 0.526245 0.022414 0.036782
11 0.629693 0.554981 0.026054 0.028352
3 0.390338 0.388889 0.013527 0.029469
3 0.425604 0.429952 0.018841 0.026570
3 0.424638 0.405797 0.018357 0.023671
0 0.507850 0.442995 0.018116 0.025604
0 0.502899 0.469324 0.011594 0.032850
0 0.529227 0.578261 0.019324 0.024638
5 0.568720 0.601932 0.021014 0.025604
5 0.595894 0.602899 0.018841 0.035266
5 0.609300 0.664010 0.018116 0.033816
5 0.618841 0.631884 0.021739 0.028502
5 0.621860 0.601691 0.011836 0.028019
5 0.636232 0.613285 0.011594 0.039614
5 0.656280 0.612802 0.022222 0.030918
5 0.625121 0.462802 0.021739 0.022705
5 0.660266 0.446860 0.013285 0.037198
5 0.674517 0.428261 0.014734 0.034783
5 0.686715 0.417391 0.012560 0.033333
5 0.680314 0.457488 0.016667 0.037198
5 0.709903 0.503623 0.014010 0.033816
5 0.730676 0.550483 0.022705 0.029952
5 0.633333 0.569807 0.020773 0.028986
5 0.594565 0.524638 0.019082 0.033333
5 0.576449 0.513285 0.012802 0.040580
5 0.622222 0.511594 0.018841 0.023671
5 0.627778 0.495411 0.019807 0.022222
5 0.641908 0.502657 0.018116 0.032850
5 0.651329 0.500483 0.014251 0.032367
5 0.621739 0.538647 0.020773 0.022705
7 0.606643 0.292029 0.019082 0.040580
7 0.716787 0.374638 0.021498 0.034783
7 0.695652 0.285507 0.019324 0.036232
1 0.587802 0.231884 0.011353 0.029469
1 0.588647 0.269324 0.016908 0.026087
1 0.599275 0.255072 0.017874 0.018841
1 0.604710 0.245169 0.018116 0.017391
1 0.592995 0.238164 0.013043 0.024638
1 0.607005 0.231884 0.015942 0.016908
1 0.659058 0.280435 0.013285 0.025121
1 0.662319 0.255556 0.013527 0.019807
1 0.673188 0.265459 0.011111 0.028986
1 0.669324 0.317391 0.014976 0.028502
1 0.656039 0.356039 0.012560 0.035266
1 0.667995 0.355314 0.012802 0.027053
1 0.697101 0.390338 0.019807 0.026570
1 0.722101 0.322464 0.015217 0.026087
1 0.728986 0.296860 0.017874 0.018357
1 0.704227 0.318116 0.013768 0.030918
1 0.685386 0.268357 0.012802 0.028986
1 0.693478 0.264976 0.012077 0.031884