0 0.449589 0.478039 0.020743 0.015224
0 0.457391 0.466336 0.017698 0.012750
0 0.474994 0.464528 0.013702 0.017127
0 0.480418 0.462434 0.015795 0.014844
0 0.477468 0.439503 0.020553 0.013131
0 0.522665 0.450445 0.021885 0.014082
0 0.542361 0.447686 0.017508 0.011608
0 0.548356 0.442167 0.019221 0.013892
6 0.495642 0.448542 0.023027 0.022456
6 0.551115 0.352059 0.019030 0.019791
6 0.216278 0.505443 0.019982 0.027404
6 0.829337 0.516004 0.021314 0.024168
0 0.843800 0.531895 0.019030 0.015605
0 0.851317 0.538175 0.016937 0.014082
0 0.836664 0.554636 0.019982 0.014273
0 0.812495 0.549973 0.020362 0.017508
0 0.551876 0.374610 0.013321 0.014273
0 0.525995 0.368330 0.013702 0.009705
0 0.536652 0.384506 0.012179 0.011228
0 0.532275 0.374990 0.014844 0.011989
0 0.516480 0.390690 0.016366 0.012560
0 0.501541 0.401347 0.015795 0.012941
0 0.436934 0.450540 0.020553 0.010086
0 0.437219 0.459675 0.019982 0.013131
0 0.416762 0.460722 0.016747 0.014082
0 0.414764 0.448067 0.018459 0.015034
0 0.410196 0.436363 0.016176 0.014844
0 0.425230 0.428751 0.016937 0.011038
0 0.442833 0.428941 0.016747 0.011038
0 0.238258 0.369947 0.015224 0.012941
0 0.262236 0.365856 0.017888 0.014653
0 0.241589 0.509249 0.021124 0.012179
0 0.207334 0.532656 0.021885 0.014844
3 0.284407 0.483843 0.019982 0.010086
3 0.305816 0.477849 0.020553 0.011799
3 0.306101 0.457486 0.019601 0.014082
3 0.317329 0.447971 0.019221 0.013702
3 0.294778 0.447876 0.017888 0.013511
3 0.241398 0.486983 0.017318 0.017508
3 0.201530 0.477563 0.019411 0.012750
3 0.189446 0.464433 0.018840 0.010847
3 0.200674 0.444831 0.017698 0.009705
3 0.216278 0.434936 0.018840 0.010847
3 0.586318 0.424536 0.017783 0.018805
3 0.607473 0.418302 0.012264 0.015739
9 0.255192 0.453050 0.025959 0.024323
9 0.275734 0.430464 0.020440 0.022075
11 0.307211 0.319271 0.020031 0.020440
11 0.789285 0.499039 0.019827 0.025959
5 0.801856 0.525713 0.020440 0.011855
5 0.789388 0.532561 0.013082 0.018600
5 0.763838 0.504047 0.022484 0.014308
5 0.749632 0.524998 0.019827 0.012060
5 0.759954 0.539101 0.020849 0.013286
5 0.524896 0.467971 0.023710 0.012468
5 0.539817 0.473183 0.020849 0.014308
5 0.558315 0.464496 0.023097 0.011651
5 0.559848 0.475636 0.019622 0.015126
5 0.550752 0.483198 0.024323 0.013490
5 0.540634 0.492703 0.019622 0.017374
5 0.525611 0.489330 0.012877 0.024937
5 0.578653 0.475329 0.018805 0.012877
5 0.248549 0.293925 0.017578 0.009811
5 0.227394 0.305883 0.018600 0.010424
5 0.245176 0.314876 0.016556 0.009607
5 0.254579 0.323665 0.013286 0.013695
5 0.242723 0.335316 0.016556 0.010424
5 0.238124 0.344718 0.018396 0.010833
5 0.273077 0.334703 0.019622 0.007563
5 0.275938 0.315285 0.020031 0.010424
5 0.279924 0.302510 0.018600 0.012264
5 0.268273 0.298524 0.017374 0.013286
5 0.236898 0.385496 0.015534 0.015126
5 0.284319 0.368224 0.018396 0.011242
5 0.282377 0.378138 0.014512 0.010220
5 0.295458 0.341857 0.019009 0.011651
5 0.307927 0.344718 0.015330 0.012877
5 0.309357 0.354325 0.015330 0.008789
5 0.319169 0.364954 0.010833 0.013695
11 0.264287 0.345536 0.016761 0.021871
4 0.497711 0.501697 0.022075 0.012468
4 0.485958 0.488308 0.019009 0.011855
4 0.665011 0.415134 0.020235 0.010220
4 0.684531 0.416871 0.019622 0.014512
4 0.668895 0.443238 0.019418 0.014104
4 0.639461 0.421777 0.021053 0.013286
4 0.729294 0.430157 0.017987 0.012877
4 0.735631 0.419630 0.009811 0.015943
4 0.745544 0.419426 0.012877 0.022075
4 0.372108 0.300875 0.022279 0.010629
4 0.351157 0.296582 0.015943 0.011038
4 0.366998 0.319680 0.017374 0.015126
8 0.527144 0.535422 0.027389 0.025550
8 0.840283 0.471752 0.022484 0.028207
8 0.710694 0.364749 0.025345 0.018191
8 0.443749 0.374663 0.018396 0.021666
8 0.479928 0.320190 0.019622 0.021053
2 0.673391 0.292597 0.023506 0.012877
2 0.830676 0.472365 0.018396 0.015943
2 0.680954 0.380795 0.021053 0.015534
2 0.718155 0.387744 0.019827 0.011855
2 0.732054 0.377524 0.021462 0.012264
2 0.750961 0.392445 0.021257 0.013899
2 0.500164 0.539817 0.023301 0.020031
2 0.440581 0.388766 0.020235 0.013490
2 0.423821 0.383758 0.020235 0.012468
2 0.497200 0.329797 0.019827 0.014104
2 0.505171 0.319680 0.021462 0.015126
2 0.415951 0.282990 0.021666 0.012468
2 0.435369 0.285443 0.019622 0.011651
2 0.405425 0.298831 0.017374 0.010220
2 0.410637 0.305167 0.016761 0.007767
1 0.635693 0.296030 0.015522 0.011210
1 0.650266 0.296375 0.016039 0.008796
1 0.658113 0.311379 0.014832 0.013280
1 0.646816 0.289821 0.013624 0.008106
1 0.639401 0.313621 0.017074 0.010865
1 0.641556 0.328108 0.018281 0.008796
1 0.673720 0.331040 0.012935 0.020523
1 0.705539 0.344147 0.019661 0.010520
1 0.622930 0.385969 0.016556 0.015177
1 0.634485 0.353028 0.016211 0.011382
1 0.623965 0.344319 0.011727 0.018108
1 0.604477 0.325435 0.018281 0.013797
1 0.662510 0.347941 0.015694 0.009830
1 0.660527 0.333454 0.010003 0.013624
1 0.661217 0.322244 0.014487 0.011900
7 0.665528 0.351735 0.016901 0.020178
7 0.654922 0.339921 0.020523 0.021040
7 0.587662 0.361220 0.022592 0.021903
1 0.589818 0.379156 0.016556 0.011900
10 0.713473 0.403905 0.023455 0.023110
10 0.681912 0.425980 0.015866 0.026904