2 0.174586 0.169781 0.018793 0.012387
2 0.165723 0.184837 0.019007 0.011746
2 0.157395 0.197010 0.020288 0.012600
2 0.181207 0.203524 0.018793 0.013668
2 0.189642 0.190603 0.019434 0.010892
2 0.197651 0.176188 0.018793 0.011532
2 0.206941 0.165296 0.019434 0.010678
2 0.228724 0.170742 0.019007 0.010464
2 0.218900 0.183129 0.019434 0.012173
2 0.212387 0.197437 0.019648 0.011746
2 0.205553 0.208863 0.019648 0.011105
8 0.189642 0.151095 0.021143 0.020288
7 0.076241 0.352910 0.025841 0.024132
1 0.073465 0.381313 0.022424 0.012600
1 0.107208 0.375654 0.024132 0.011532
1 0.076562 0.400641 0.025627 0.014095
1 0.110198 0.396583 0.023278 0.014095
1 0.119167 0.414095 0.024132 0.014522
1 0.086279 0.417405 0.023278 0.011319
1 0.088521 0.434810 0.023492 0.012387
1 0.092792 0.452963 0.024773 0.014949
1 0.136359 0.446877 0.023492 0.012600
1 0.126001 0.428938 0.023278 0.014309
0 0.336763 0.720203 0.016179 0.018929
0 0.346309 0.714944 0.015855 0.019091
0 0.356421 0.709120 0.016017 0.019091
0 0.366128 0.704185 0.016341 0.019253
0 0.376401 0.698361 0.016179 0.019253
0 0.385866 0.692779 0.016664 0.019415
0 0.319209 0.701759 0.016017 0.018929
0 0.328997 0.696501 0.015855 0.019091
0 0.338786 0.690272 0.015694 0.018929
0 0.348897 0.685903 0.016502 0.018929
0 0.358928 0.679351 0.015855 0.018444
0 0.368393 0.674335 0.016664 0.019415
0 0.303758 0.680726 0.016179 0.019253
0 0.312576 0.675468 0.016664 0.020062
0 0.323011 0.669886 0.015855 0.018606
0 0.332880 0.664547 0.016179 0.019900
0 0.342992 0.658804 0.016664 0.018767
0 0.352699 0.653546 0.016664 0.019576
6 0.371305 0.735006 0.023783 0.022650
4 0.557928 0.245991 0.020565 0.009887
4 0.588677 0.244903 0.020367 0.009689
4 0.613988 0.231259 0.020763 0.010085
4 0.582547 0.214748 0.021158 0.009887
4 0.552688 0.215637 0.021158 0.010085
4 0.565047 0.197841 0.020565 0.010085
4 0.561488 0.183010 0.020961 0.010876
4 0.590655 0.181922 0.020763 0.011469
4 0.593028 0.197544 0.020763 0.010283
4 0.583833 0.230864 0.020961 0.008898
4 0.556149 0.230864 0.020565 0.010085
10 0.627929 0.244508 0.022147 0.019972
10 0.621700 0.211683 0.021949 0.019576
5 0.435032 0.221669 0.014831 0.014237
5 0.453323 0.217318 0.015424 0.014237
5 0.470131 0.211287 0.015424 0.014040
5 0.488027 0.206047 0.013644 0.013842
5 0.472603 0.190425 0.013644 0.014633
5 0.456487 0.195369 0.014633 0.014237
5 0.441854 0.201697 0.013446 0.013051
5 0.423860 0.206344 0.013446 0.014435
5 0.429594 0.182812 0.016215 0.012458
5 0.446995 0.179154 0.015028 0.013446
5 0.463309 0.173914 0.014040 0.013644
11 0.408040 0.185185 0.015424 0.019972