5 0.898088 0.548013 0.060390 0.065121
5 0.924118 0.535596 0.059002 0.068985
5 0.944769 0.513521 0.051713 0.060155
5 0.962122 0.499172 0.059349 0.071192
1 0.782514 0.676325 0.073579 0.076711
1 0.796570 0.702263 0.068373 0.081126
1 0.834227 0.711921 0.069414 0.071744
1 0.849845 0.751104 0.063167 0.090508
1 0.981495 0.342991 0.037010 0.053532
1 0.977220 0.308223 0.043731 0.055740
1 0.952751 0.282285 0.027418 0.067881
1 0.985486 0.280353 0.029027 0.057395
1 0.576182 0.591887 0.070455 0.056843
1 0.579479 0.620309 0.075661 0.056291
1 0.540954 0.641556 0.088156 0.052428
1 0.541128 0.674393 0.078785 0.070640
1 0.526724 0.696744 0.061778 0.060155
1 0.505032 0.720199 0.071843 0.058499
1 0.480738 0.757174 0.081561 0.054084
1 0.474838 0.791115 0.069761 0.057947
1 0.460781 0.814018 0.086073 0.065121
1 0.430239 0.473510 0.041648 0.089404
1 0.523254 0.485651 0.067331 0.060706
1 0.379914 0.451435 0.072884 0.059603
1 0.372626 0.431291 0.072190 0.068985
0 0.880040 0.276766 0.064555 0.052428
0 0.887502 0.243102 0.073926 0.039183
0 0.879173 0.223234 0.061431 0.049117
0 0.817221 0.076435 0.042342 0.049117
0 0.793447 0.067605 0.043384 0.051325
0 0.766202 0.061534 0.042342 0.051325
0 0.741907 0.051600 0.035401 0.050221
0 0.954834 0.823951 0.048937 0.083885
0 0.983230 0.829746 0.033539 0.095475
0 0.044472 0.663631 0.080173 0.054636
0 0.054190 0.639073 0.069761 0.060706
0 0.045687 0.618929 0.072190 0.067881
0 0.038398 0.588300 0.070802 0.056291
4 0.228766 0.686534 0.063514 0.090508
4 0.261390 0.678532 0.059349 0.078918
4 0.301824 0.661148 0.068026 0.069536
4 0.306162 0.632450 0.059349 0.060706
4 0.820865 0.375552 0.038525 0.080022
4 0.851928 0.379967 0.035401 0.086645
4 0.881776 0.381898 0.029848 0.087196
4 0.922730 0.405629 0.053449 0.068433
4 0.961255 0.392936 0.026377 0.070640
4 0.947198 0.434327 0.053102 0.065121
4 0.895832 0.623896 0.076702 0.068985
4 0.924292 0.684879 0.076702 0.079470
4 0.953619 0.665287 0.065943 0.078918
4 0.968480 0.630519 0.063040 0.066777
2 0.882991 0.964404 0.039913 0.071192
2 0.919086 0.967715 0.037831 0.064570
2 0.956049 0.970751 0.035401 0.058498
2 0.985660 0.969095 0.028680 0.061810
2 0.709977 0.815949 0.071496 0.076711
2 0.690714 0.791115 0.064902 0.074503
2 0.665725 0.775110 0.073926 0.077815
2 0.639869 0.755243 0.073579 0.082230
2 0.693838 0.522627 0.053102 0.066225
2 0.717786 0.507174 0.045466 0.070640
2 0.754575 0.511589 0.055878 0.069536
2 0.772623 0.492550 0.051019 0.074503
2 0.790323 0.470475 0.054490 0.075607
2 0.976636 0.159768 0.046728 0.045806
2 0.680649 0.194536 0.035748 0.059051
2 0.655834 0.194260 0.034707 0.061810
2 0.630498 0.191225 0.034013 0.067881
2 0.611930 0.188190 0.031583 0.064018
2 0.977157 0.137417 0.045686 0.045254
2 0.983057 0.119757 0.033886 0.037528
2 0.987569 0.092163 0.024862 0.046358