1 0.536585 0.405323 0.034722 0.020849
1 0.579930 0.402410 0.017476 0.044457
1 0.554176 0.389993 0.032653 0.022688
1 0.739169 0.303072 0.031963 0.027900
1 0.758600 0.351055 0.026214 0.037405
1 0.798726 0.312730 0.024145 0.037405
1 0.506002 0.555862 0.032883 0.026367
1 0.509911 0.483965 0.024145 0.038938
7 0.543253 0.639563 0.036562 0.031273
7 0.599591 0.564753 0.030123 0.042924
1 0.585334 0.464496 0.032883 0.025754
7 0.718014 0.242366 0.029663 0.032806
7 0.712150 0.184572 0.023915 0.042924
7 0.728707 0.157745 0.022075 0.041391
7 0.768603 0.205574 0.038861 0.030353
7 0.832758 0.194996 0.023685 0.042924
7 0.845751 0.231481 0.033572 0.031886
7 0.817467 0.094279 0.024375 0.041391
7 0.775386 0.024988 0.025294 0.031580
7 0.812178 0.284370 0.032653 0.030966
7 0.856458 0.275172 0.026013 0.033419
7 0.787919 0.119267 0.022765 0.042924
7 0.864635 0.134462 0.026732 0.036447
0 0.458517 0.497915 0.027594 0.033726
0 0.285711 0.466642 0.031503 0.033113
0 0.323997 0.565827 0.032193 0.031580
0 0.376886 0.519224 0.034032 0.026674
0 0.150271 0.749325 0.019086 0.045377
0 0.188558 0.734302 0.031733 0.023301
0 0.192467 0.700117 0.032193 0.019929
0 0.197986 0.663018 0.034032 0.023608
0 0.184879 0.635424 0.033113 0.021768
0 0.153951 0.610590 0.031503 0.030353
0 0.120838 0.610130 0.031503 0.020849
0 0.106236 0.641250 0.025294 0.041391
0 0.153376 0.651061 0.032193 0.022995
0 0.145327 0.688619 0.027594 0.036792
0 0.105086 0.700270 0.032653 0.029433
0 0.129921 0.731236 0.030813 0.031886
6 0.057027 0.703796 0.037252 0.056107
6 0.133715 0.810645 0.024145 0.042311
6 0.156250 0.839925 0.029663 0.043844
6 0.128656 0.836553 0.037942 0.030353
6 0.121068 0.868745 0.038861 0.031580
6 0.136819 0.952140 0.023915 0.033419
6 0.078642 0.950147 0.024375 0.045990
6 0.227879 0.865526 0.039091 0.032499
6 0.266165 0.761283 0.027824 0.040471
6 0.300313 0.767721 0.025294 0.047216
6 0.340324 0.791023 0.023915 0.046603
6 0.418966 0.645389 0.026214 0.044763
6 0.362054 0.492703 0.023225 0.049056
6 0.461392 0.352281 0.033343 0.031886
7 0.864419 0.293012 0.016815 0.014142
1 0.875026 0.187638 0.023024 0.042770
1 0.898179 0.206954 0.025869 0.036562
1 0.899731 0.155560 0.019143 0.045530
7 0.929739 0.225235 0.031560 0.055877
1 0.599507 0.060832 0.018626 0.019316
1 0.421809 0.100968 0.012041 0.027845
4 0.407040 0.149759 0.013358 0.024584
4 0.628951 0.094195 0.016180 0.025336
0 0.613900 0.079395 0.010912 0.014800
0 0.413531 0.124925 0.010912 0.015051