2 0.596498 0.888521 0.031839 0.029801
2 0.069590 0.503587 0.037735 0.029249
0 0.511489 0.911148 0.032035 0.024834
0 0.482598 0.798703 0.030463 0.019040
0 0.475719 0.771109 0.020636 0.037252
0 0.486234 0.747379 0.026336 0.022351
0 0.552957 0.762141 0.032035 0.023179
0 0.556495 0.739376 0.030856 0.026214
0 0.576640 0.726269 0.019653 0.044150
0 0.653485 0.652318 0.028301 0.031457
0 0.648768 0.630519 0.028694 0.017660
0 0.651912 0.612721 0.033804 0.019040
0 0.660068 0.597544 0.032428 0.019592
0 0.667340 0.574503 0.032428 0.024283
0 0.639924 0.568019 0.018081 0.046634
0 0.543622 0.652042 0.019653 0.038631
0 0.558755 0.648593 0.016902 0.036700
0 0.437002 0.656319 0.013561 0.036700
0 0.416268 0.649283 0.027908 0.026490
0 0.420002 0.623896 0.025549 0.032561
0 0.397892 0.623620 0.028891 0.028146
0 0.487315 0.485789 0.031642 0.024007
0 0.505298 0.474476 0.027122 0.034492
0 0.511685 0.455712 0.024567 0.037252
0 0.408898 0.488411 0.030070 0.025386
0 0.424719 0.462748 0.026729 0.029249
0 0.406638 0.443709 0.020440 0.040287
0 0.489280 0.420254 0.014740 0.042494
0 0.498517 0.390453 0.032035 0.023179
0 0.487413 0.372792 0.025943 0.036424
0 0.524656 0.383830 0.018278 0.040839
0 0.586172 0.363962 0.021029 0.043598
0 0.575460 0.335127 0.021619 0.043322
0 0.594328 0.327401 0.030266 0.034492
0 0.421771 0.346578 0.018081 0.045806
0 0.416170 0.313328 0.032428 0.032285
0 0.405852 0.352373 0.017295 0.046909
0 0.266116 0.368515 0.027908 0.037252
0 0.275156 0.352097 0.035376 0.031457
0 0.277908 0.327677 0.032625 0.025662
0 0.065997 0.617040 0.032504 0.033537
0 0.092000 0.618314 0.023131 0.042452
0 0.103414 0.608125 0.021468 0.041178
0 0.119968 0.606852 0.024945 0.042452
0 0.164339 0.669256 0.029329 0.023349
0 0.185051 0.657900 0.014513 0.039693
0 0.202739 0.651533 0.015118 0.037995
0 0.202134 0.682416 0.026608 0.025896
0 0.180667 0.696213 0.017839 0.036933
0 0.164793 0.705659 0.017235 0.036296
0 0.195558 0.723064 0.027666 0.034174
0 0.119288 0.734208 0.026910 0.034386
0 0.118532 0.767957 0.028422 0.031415
0 0.093814 0.776235 0.029178 0.036084
0 0.124125 0.828027 0.018142 0.044150
0 0.140604 0.858486 0.031143 0.025259
0 0.111653 0.852118 0.028271 0.031627
0 0.115357 0.888627 0.028724 0.027806
0 0.156705 0.485970 0.017386 0.046060
0 0.155042 0.436938 0.016479 0.046485
0 0.132289 0.439379 0.017537 0.044999
4 0.505390 0.244052 0.022565 0.043741
4 0.519512 0.244052 0.021400 0.044150
4 0.457931 0.195099 0.030135 0.061933
4 0.440024 0.203070 0.024894 0.064386
4 0.386742 0.099236 0.014413 0.045172
4 0.375023 0.072766 0.033775 0.031886
4 0.745380 0.149313 0.025040 0.041084
4 0.766053 0.150437 0.018052 0.046603
4 0.781921 0.128056 0.022711 0.034135
4 0.830909 0.157591 0.028097 0.028616
4 0.825158 0.187536 0.013102 0.036179
4 0.834257 0.191726 0.010627 0.038836
4 0.851436 0.189273 0.026932 0.030660
4 0.914254 0.235569 0.024458 0.043946
4 0.929758 0.243541 0.021692 0.039040
4 0.830472 0.327140 0.026059 0.040267
4 0.810236 0.349011 0.018198 0.045990
4 0.797571 0.353507 0.020527 0.045172
4 0.783086 0.295356 0.027660 0.024528
4 0.755352 0.289939 0.029553 0.023506
4 0.716410 0.261835 0.028243 0.038018
4 0.715827 0.219013 0.025622 0.041493
4 0.695519 0.199902 0.021400 0.038427
4 0.706073 0.330308 0.029698 0.035565
4 0.727474 0.322745 0.026496 0.037201
4 0.728493 0.358924 0.020381 0.035565
4 0.659124 0.331228 0.029844 0.028411
4 0.636995 0.310379 0.027515 0.025550
4 0.651772 0.289837 0.030572 0.037201
4 0.677685 0.427398 0.031737 0.024528
4 0.706801 0.432099 0.028243 0.029433
4 0.703235 0.465007 0.026059 0.038018
4 0.768018 0.415031 0.012957 0.047625
4 0.784469 0.432405 0.017324 0.035361
4 0.805214 0.417689 0.027078 0.032091
4 0.795606 0.458262 0.016596 0.037609
4 0.788763 0.482790 0.023293 0.048238
4 0.809654 0.482790 0.025185 0.035565
4 0.809436 0.449166 0.018052 0.039040
4 0.825013 0.452641 0.018926 0.037814
4 0.833821 0.440888 0.017324 0.042106
4 0.846049 0.434960 0.016742 0.043741
4 0.858569 0.434245 0.018489 0.043128
4 0.878077 0.438742 0.026932 0.034543
4 0.881571 0.471241 0.036832 0.031682
4 0.845321 0.477986 0.025768 0.043128
4 0.826978 0.568841 0.017033 0.046603
4 0.841755 0.567717 0.017179 0.044355
4 0.857113 0.584376 0.022856 0.045377
4 0.748001 0.563118 0.022711 0.034748
4 0.765252 0.565264 0.021692 0.035770
4 0.759210 0.600114 0.020672 0.036792
4 0.737810 0.590201 0.026787 0.031682
4 0.741231 0.620452 0.029553 0.027594
4 0.777481 0.627095 0.029262 0.025754
4 0.782576 0.580492 0.031009 0.024937
4 0.867450 0.638950 0.033047 0.026981
4 0.887394 0.658266 0.028679 0.030864
4 0.915783 0.653360 0.023730 0.032908
4 0.877568 0.691992 0.015723 0.047216
4 0.901297 0.689641 0.034357 0.032295
4 0.965062 0.763736 0.023584 0.033726
4 0.980420 0.757195 0.018198 0.047216
4 0.867595 0.860927 0.016742 0.042515
4 0.941332 0.895266 0.026496 0.024937
4 0.942278 0.916728 0.027806 0.022075
4 0.034582 0.374663 0.033047 0.038427
4 0.047684 0.324074 0.031009 0.046807
4 0.067338 0.375276 0.023439 0.044150
4 0.091286 0.317942 0.032901 0.027185
4 0.110502 0.289633 0.029990 0.038427
4 0.085753 0.275325 0.028825 0.045785
4 0.094925 0.257747 0.029407 0.038427
4 0.115598 0.254476 0.034066 0.032704
4 0.124769 0.195303 0.025331 0.039858
4 0.158617 0.203274 0.019653 0.045581
4 0.059767 0.174045 0.021692 0.045581
4 0.072651 0.120391 0.016887 0.046194
4 0.051760 0.140524 0.026641 0.042311
4 0.232790 0.346456 0.025913 0.040471
4 0.169244 0.362501 0.021109 0.043128
4 0.186859 0.361377 0.024312 0.042106
4 0.192901 0.325709 0.023293 0.032499
4 0.173757 0.327140 0.027515 0.033726
4 0.154468 0.322848 0.023875 0.042311
4 0.160728 0.300875 0.032319 0.028207
4 0.183729 0.304145 0.029990 0.019213
4 0.188970 0.295458 0.025040 0.049669
4 0.199670 0.271135 0.020818 0.048442
4 0.217067 0.314161 0.034066 0.024528
4 0.220489 0.282786 0.020527 0.039858