4 0.295150 0.859758 0.035917 0.042569
4 0.322545 0.856151 0.026989 0.050505
4 0.339489 0.840097 0.027192 0.053752
4 0.337256 0.804383 0.035308 0.036436
4 0.367289 0.793380 0.016234 0.053391
4 0.348113 0.776966 0.029018 0.037157
4 0.343750 0.750090 0.029221 0.034632
4 0.326502 0.757666 0.025568 0.039683
4 0.324067 0.786526 0.031656 0.035354
4 0.295252 0.830357 0.038149 0.032828
4 0.298093 0.808171 0.037744 0.030303
4 0.290077 0.790494 0.036729 0.032468
4 0.306412 0.767767 0.026786 0.040404
4 0.517982 0.526973 0.033716 0.027972
4 0.485827 0.516983 0.029096 0.038628
4 0.470904 0.485126 0.031219 0.029526
4 0.501436 0.511988 0.021104 0.026418
4 0.512800 0.505550 0.014860 0.025530
4 0.560127 0.488900 0.018606 0.026862
4 0.577547 0.489677 0.021978 0.020424
4 0.575237 0.477356 0.016858 0.015762
4 0.567308 0.468365 0.017233 0.024420
4 0.579046 0.464369 0.011239 0.025308
4 0.587350 0.463370 0.011114 0.031302
4 0.575799 0.438950 0.028971 0.030858
4 0.548327 0.469031 0.017483 0.015096
4 0.554071 0.458930 0.019730 0.021534
4 0.556631 0.449384 0.018606 0.018870
4 0.529970 0.426851 0.012737 0.029748
4 0.532530 0.415529 0.017607 0.015984
4 0.514111 0.423965 0.018482 0.021312
4 0.502373 0.434399 0.019980 0.018204
4 0.501873 0.419525 0.014236 0.019536
4 0.515797 0.410645 0.014860 0.015540
4 0.521666 0.399767 0.023851 0.026640
4 0.526973 0.390221 0.023976 0.023088
4 0.492757 0.316628 0.013237 0.011322
4 0.488824 0.320180 0.013861 0.010878
10 0.491196 0.322289 0.020355 0.031968
10 0.455045 0.366134 0.018232 0.032634
4 0.445305 0.381008 0.016733 0.016206
4 0.441434 0.388334 0.017982 0.015318
4 0.316558 0.357365 0.011738 0.018648
4 0.251061 0.383561 0.010115 0.022200
4 0.237013 0.387335 0.013487 0.019980
4 0.239198 0.400211 0.012363 0.023532
4 0.249563 0.400433 0.012612 0.021756
4 0.785465 0.420080 0.020979 0.017982
4 0.799513 0.428849 0.019605 0.016872
4 0.786151 0.441503 0.015110 0.023532
4 0.794580 0.448274 0.015734 0.023310
4 0.805070 0.436841 0.013487 0.021312
4 0.811126 0.455933 0.022353 0.020424
4 0.815747 0.442835 0.016359 0.020424
4 0.826986 0.448496 0.017108 0.020646
4 0.831419 0.468143 0.020979 0.025308
4 0.678134 0.337052 0.018357 0.017094
4 0.681006 0.345599 0.015609 0.011988
4 0.690559 0.333500 0.014735 0.015318
4 0.695554 0.346487 0.016234 0.019980
4 0.705232 0.350927 0.022353 0.023976
4 0.710602 0.337718 0.021104 0.017982
4 0.702735 0.332612 0.015859 0.015762
4 0.714161 0.360140 0.019231 0.016650
4 0.744318 0.355367 0.012862 0.023976
4 0.618132 0.181208 0.009491 0.008214
4 0.613199 0.175436 0.008616 0.008214
4 0.617507 0.170441 0.006993 0.009768
4 0.621129 0.175214 0.007243 0.009546
4 0.625749 0.175325 0.005495 0.014208
0 0.857268 0.414641 0.021479 0.040404
0 0.844156 0.421634 0.017732 0.020646
0 0.847215 0.433178 0.019855 0.021978
0 0.850774 0.447497 0.020480 0.021312
0 0.867445 0.442058 0.020355 0.019758
0 0.875125 0.431180 0.017233 0.014874
0 0.883054 0.441170 0.019356 0.017094
0 0.877747 0.459596 0.022478 0.034854
0 0.689748 0.518093 0.019356 0.028416
0 0.691683 0.533522 0.022727 0.023754
0 0.698114 0.544178 0.021853 0.021978
0 0.704358 0.556721 0.021603 0.023976
0 0.710165 0.571373 0.035714 0.038184
0 0.649663 0.599123 0.021104 0.030636
0 0.636551 0.615107 0.014361 0.035520
0 0.666334 0.614330 0.031968 0.024642
0 0.662712 0.632978 0.030220 0.022866
0 0.622627 0.638861 0.012987 0.034188
0 0.634740 0.646187 0.012488 0.035964
0 0.645667 0.650960 0.014610 0.037074
0 0.657093 0.656510 0.014236 0.047286
0 0.667083 0.657620 0.015235 0.041514
0 0.643482 0.684482 0.017483 0.040626
0 0.687250 0.630203 0.015110 0.042624
0 0.575924 0.540182 0.021229 0.024642
0 0.593157 0.538628 0.010989 0.033522
0 0.602835 0.550061 0.013112 0.030636
0 0.587100 0.554168 0.021354 0.029526
0 0.607517 0.569708 0.019231 0.035298
0 0.593781 0.576479 0.024725 0.027972
0 0.591471 0.596126 0.025849 0.022866
0 0.576673 0.565490 0.011988 0.031746
0 0.567308 0.565157 0.012488 0.035964
0 0.552135 0.564491 0.018856 0.058608
1 0.624750 0.447497 0.021728 0.015984
1 0.625937 0.458153 0.021853 0.015540
1 0.628434 0.468143 0.019855 0.020868
1 0.625000 0.475691 0.018232 0.014208
1 0.625250 0.484793 0.020729 0.017316
1 0.624126 0.496559 0.021229 0.012432
1 0.623064 0.506660 0.023102 0.018870
1 0.628122 0.518981 0.036464 0.033300
1 0.582043 0.238373 0.008492 0.015540
1 0.587413 0.239816 0.010989 0.013986
1 0.591284 0.243035 0.011738 0.010656
1 0.593157 0.248252 0.011489 0.011766
1 0.600087 0.249473 0.014860 0.021312
1 0.605270 0.254912 0.012488 0.013098
1 0.611326 0.258797 0.015110 0.011988
1 0.614448 0.264902 0.013362 0.009102
1 0.619256 0.268343 0.014985 0.013320
1 0.617945 0.292208 0.013362 0.015762
1 0.619131 0.297536 0.015485 0.016206
1 0.615947 0.307637 0.013112 0.017316
1 0.616259 0.301088 0.013487 0.012654
1 0.623751 0.285992 0.019231 0.024198
1 0.649663 0.256910 0.015609 0.013098
1 0.641484 0.308414 0.013487 0.013098
1 0.638362 0.312743 0.012987 0.011544
1 0.638549 0.319070 0.014111 0.013986
1 0.632368 0.335054 0.014236 0.015762
1 0.633991 0.327839 0.016234 0.015984
1 0.638174 0.319070 0.015859 0.016650
1 0.657655 0.310523 0.016109 0.022644
1 0.658966 0.304973 0.015734 0.015540
1 0.656156 0.319070 0.016359 0.017094
1 0.654970 0.322400 0.015734 0.016650
1 0.653097 0.328172 0.015984 0.017538
1 0.649975 0.334499 0.016484 0.015984
1 0.647228 0.341825 0.017483 0.016872
1 0.648477 0.295316 0.021728 0.021978
7 0.669893 0.301532 0.015859 0.032190
7 0.542645 0.344600 0.019855 0.034854
1 0.562864 0.252525 0.018473 0.020700
1 0.566838 0.258596 0.015450 0.016918
1 0.569693 0.266657 0.012875 0.015525
1 0.574843 0.269742 0.013547 0.013335
1 0.542040 0.304473 0.012203 0.017117
1 0.544671 0.310643 0.014107 0.018709
1 0.549933 0.314923 0.014330 0.019704
1 0.555755 0.318704 0.015898 0.019306
1 0.561464 0.319998 0.021048 0.026671
1 0.503471 0.361397 0.014554 0.017913
1 0.498712 0.366572 0.014666 0.017913
1 0.493506 0.367866 0.013211 0.016520
1 0.488412 0.371648 0.020040 0.028860
1 0.483150 0.380903 0.019816 0.030651
1 0.522783 0.319799 0.014666 0.015525
1 0.521048 0.326666 0.013659 0.012141
1 0.522167 0.334727 0.013659 0.018311
1 0.528437 0.338807 0.012763 0.018908
1 0.530900 0.344678 0.015002 0.017117
1 0.373265 0.373538 0.019033 0.017117
1 0.372145 0.365776 0.019257 0.012738
1 0.376791 0.358014 0.015786 0.012738
1 0.376735 0.353933 0.020600 0.014530
1 0.380766 0.344380 0.018809 0.012937
1 0.379366 0.340101 0.018921 0.014729
1 0.383453 0.333333 0.015898 0.012340
0 0.248433 0.744240 0.017913 0.049162
0 0.262763 0.717669 0.019257 0.045380
0 0.260580 0.674479 0.014890 0.047768
0 0.249160 0.673285 0.013547 0.041797
0 0.239084 0.697268 0.021832 0.041200
0 0.227161 0.724934 0.025526 0.060308
0 0.333688 0.639747 0.026982 0.067871
0 0.358206 0.619048 0.021608 0.043987
0 0.373489 0.621635 0.014778 0.042792
0 0.389666 0.605911 0.022727 0.030452
0 0.404725 0.588695 0.011644 0.035826
0 0.379142 0.594566 0.024966 0.027268
0 0.371249 0.582923 0.025302 0.029059
0 0.389442 0.578345 0.020264 0.028263
0 0.387035 0.561626 0.022391 0.023884
0 0.324731 0.399811 0.015338 0.019107
0 0.336039 0.397223 0.016010 0.018709
0 0.326914 0.410360 0.016122 0.017913
0 0.321205 0.421605 0.018809 0.020899
0 0.342141 0.406379 0.016794 0.017913
0 0.339734 0.418819 0.013771 0.039210
0 0.290864 0.413345 0.019928 0.016321
0 0.276646 0.414141 0.016346 0.022292
0 0.286274 0.423596 0.020152 0.017714
0 0.277429 0.432353 0.017913 0.020501
0 0.257893 0.426183 0.016010 0.026870
0 0.263379 0.431557 0.016682 0.025277
0 0.448108 0.297607 0.020488 0.021297
0 0.453314 0.308852 0.017017 0.009554
0 0.444581 0.313927 0.013211 0.013335
0 0.445701 0.322984 0.012091 0.017913
0 0.442678 0.328855 0.013211 0.018510
0 0.459528 0.316813 0.014219 0.012340
0 0.466077 0.313330 0.010748 0.019306
0 0.457792 0.323282 0.013211 0.014131
0 0.458184 0.331343 0.015338 0.017515
0 0.432602 0.308255 0.010076 0.021098
8 0.370578 0.426083 0.024631 0.039011
2 0.433442 0.427079 0.019369 0.018311
2 0.436744 0.443400 0.018137 0.024282
2 0.452642 0.420112 0.021048 0.017117
2 0.453034 0.429169 0.018025 0.015724
2 0.454713 0.438921 0.022503 0.017316
2 0.453202 0.448773 0.029109 0.025875
2 0.455161 0.460417 0.029893 0.029258
2 0.302788 0.470866 0.015338 0.027865
2 0.311744 0.474349 0.018473 0.024879
2 0.316782 0.482410 0.018473 0.023088
2 0.323612 0.485694 0.018473 0.029258
2 0.327082 0.498433 0.019145 0.030054
2 0.284147 0.486590 0.019033 0.030253
2 0.289017 0.494253 0.023847 0.028462
2 0.304523 0.499229 0.025974 0.039210
2 0.238077 0.472359 0.021608 0.028860
2 0.244402 0.476837 0.017913 0.031049
2 0.248377 0.481216 0.019369 0.029059
2 0.256885 0.479425 0.029893 0.046176
2 0.240148 0.549684 0.016794 0.031447
2 0.322212 0.554262 0.016794 0.030651
2 0.312528 0.558043 0.018025 0.033438
2 0.302508 0.566104 0.017913 0.030452
2 0.292544 0.574464 0.017465 0.030452
2 0.285155 0.589989 0.018585 0.032841
2 0.277094 0.602826 0.018137 0.032642
2 0.264890 0.605911 0.018809 0.032841
2 0.256102 0.617455 0.018697 0.034433
2 0.181234 0.360231 0.018052 0.014545
2 0.180584 0.368773 0.017273 0.020087
2 0.202143 0.347763 0.015195 0.009004
2 0.200325 0.355382 0.015974 0.008081
2 0.199805 0.363810 0.017273 0.015238
2 0.217208 0.342799 0.016234 0.009235
2 0.217078 0.349610 0.016753 0.011775
2 0.216948 0.355729 0.017532 0.015238
2 0.235260 0.338413 0.017013 0.013853
2 0.234351 0.345570 0.018312 0.014315
2 0.234221 0.349264 0.017532 0.015238
2 0.603795 0.273404 0.013393 0.023810
2 0.598164 0.278995 0.007812 0.019120
2 0.592532 0.280979 0.008726 0.020202
2 0.587764 0.281250 0.008929 0.016414
2 0.581676 0.278364 0.007914 0.019661
2 0.576502 0.280168 0.008523 0.017857
2 0.545201 0.281340 0.010248 0.016955
2 0.550731 0.282693 0.011364 0.020022
2 0.556818 0.286751 0.010349 0.018398
2 0.561435 0.290088 0.009436 0.018579
2 0.566761 0.292794 0.009131 0.019661
2 0.573204 0.292974 0.009233 0.018218
2 0.577668 0.297394 0.011262 0.021284
2 0.585278 0.297213 0.012683 0.027417
2 0.586952 0.331484 0.011364 0.017677
2 0.592380 0.335633 0.013291 0.016595
2 0.596388 0.339692 0.013190 0.015332
2 0.601664 0.345013 0.013190 0.018038
2 0.606382 0.350965 0.014306 0.019841
2 0.612571 0.354753 0.018567 0.030303
2 0.577567 0.343209 0.013900 0.022006
2 0.583756 0.349251 0.013088 0.019661
2 0.665432 0.350334 0.014915 0.021465
2 0.664316 0.360976 0.010856 0.016775
2 0.650771 0.366838 0.016640 0.017677
2 0.656808 0.375406 0.016335 0.014610
2 0.670860 0.368642 0.012581 0.016234
2 0.672230 0.377751 0.015524 0.016414
2 0.687297 0.377570 0.015422 0.013528
2 0.674767 0.388393 0.015929 0.018939
2 0.684355 0.391008 0.016234 0.020202
2 0.689834 0.396600 0.018263 0.019120
2 0.695262 0.403635 0.017959 0.022006
2 0.633117 0.423566 0.016437 0.024711
2 0.644176 0.424197 0.021713 0.032468
8 0.628095 0.409948 0.025264 0.036797